Mean,STD,Best,Worst,Gen_capability
49.205099702972234,46.94217908955587,6.095546696080842,115.16943384748458,49.205099702972234
56.773706781120765,53.38582742389385,3.421334416045279,117.02782835467933,49.205099702972234
58.649953054237116,52.34804058464633,2.8716378349149414,116.80155629715706,49.205099702972234
21.670586840226708,14.24601346183951,14.123559540089886,104.75195369837317,21.670586840226708
58.93983810319342,38.68465591440639,13.714225732742342,107.58894336846464,21.670586840226708
26.363265800490538,32.64557264601921,2.4981518301979126,126.36073301954973,21.670586840226708
61.414368047328885,54.62568113415658,2.0340990699851105,124.31771092164396,21.670586840226708
27.15563299181333,35.732313889123716,0.031336744679040573,122.20615274195661,21.670586840226708
60.72220866401743,47.53703146693872,1.552997406938945,122.85583680737417,21.670586840226708
79.67804172964703,54.491715061667094,-0.4008650572539626,133.17987794085346,21.670586840226708
66.4522630162271,54.53345432984082,0.4939178639506216,124.86038625755965,21.670586840226708
20.3106791935906,19.224216805486748,7.707059924673598,105.23683922582696,20.3106791935906
48.5064148176792,51.20307260913891,-0.3622508833620776,122.7509878166421,20.3106791935906
40.52089744874287,37.41065686591062,11.157388739194078,114.23873244247963,20.3106791935906
11.81319563773364,2.8193658801256682,6.961341458023388,16.038174495770107,11.81319563773364
16.958094568035914,30.446514686298737,-0.2149819870849715,104.73127822525824,11.81319563773364
21.21479593708544,35.38571220390908,0.35934342858272006,117.92074505144802,11.81319563773364
18.91319265946799,22.283302973079685,5.626337832162677,106.64602157521107,11.81319563773364
19.021736782382405,26.16274601883761,0.001242799554750408,105.08957012325473,11.81319563773364
14.234028701769407,23.501986470718006,-0.37322246679530674,116.10642449875327,11.81319563773364
30.906284412499602,42.6264060584871,0.8905017939912117,116.91301327540765,11.81319563773364
19.187101095141696,20.611374568263948,11.882217558840821,103.97381570150611,11.81319563773364
19.393050555833824,16.10060358759934,5.118759112665023,105.06071915161286,11.81319563773364
13.789997290277618,8.78087190991479,4.438651252973042,28.413103540519593,11.81319563773364
33.452486746328674,37.94612327191394,8.792668856830007,111.5678542493681,11.81319563773364
43.20478567589756,43.03345321307232,3.472286302559715,116.68563429833603,11.81319563773364
30.80456708803724,44.826630316995285,-1.6598343180388857,119.56462213209575,11.81319563773364
18.725858447586177,15.842650556182345,4.462189292006916,106.78498275667336,11.81319563773364
8.053392130232144,2.5322729218335964,2.5004032379361685,13.879248364308438,8.053392130232144
5.463887490854258,3.408952714476172,-1.106016905874866,12.917735475365197,5.463887490854258
1.33453748311357,2.6761056573665774,-3.0150190571056648,8.65348593581177,1.33453748311357
23.373574429497566,30.955546797255558,7.847448620370012,116.7415627810187,1.33453748311357
18.945598665353216,30.881454764117255,2.0333876688473707,110.64419092038494,1.33453748311357
13.121721449216972,4.444653112375332,7.221658785186395,23.974396231411138,1.33453748311357
24.23007661092619,20.93075910351681,8.947354781365199,111.90606069266667,1.33453748311357
17.404008917464015,4.09041145863794,9.728043947463382,22.038396435212437,1.33453748311357
12.687155694710633,4.983990950294227,5.473347159215659,21.9845757409711,1.33453748311357
5.892698988386268,2.520666812053381,3.5168730378850355,18.288209087922286,1.33453748311357
77.19690985858415,44.555883782050856,4.4148982982012415,118.36948276141389,1.33453748311357
18.13110675647111,14.78400785209602,8.005023752806036,101.13807254144317,1.33453748311357
23.545010441902146,29.709644543113505,1.466603004682342,114.16729758694072,1.33453748311357
37.66960418548531,37.978453818311436,10.440825760871947,113.85585265998742,1.33453748311357
11.713270699849952,5.328918371406614,4.221501189094593,20.638616167016703,1.33453748311357
32.05868528206754,33.5716677602769,9.214808426427581,112.62746420259336,1.33453748311357
13.328644319099718,4.006796790169691,6.40650033048814,21.518231649633087,1.33453748311357
14.54415860548804,3.9812558497709607,8.35900683627018,24.578853234662525,1.33453748311357
18.86934996288616,8.091611039516385,12.870530540545175,33.68702937742511,1.33453748311357
17.53418168058957,5.387791459724174,6.945218677714004,27.94295847535383,1.33453748311357
13.146561804091933,4.928697392543906,5.546514589104544,23.39511362120947,1.33453748311357
72.05653037851474,44.90788828264497,13.396181630849913,116.71757427007847,1.33453748311357
42.01797332171515,43.70605606919025,9.998769287994405,136.65901483320556,1.33453748311357
16.708498642218064,25.836275268995465,3.2879002627831007,105.79795909654695,1.33453748311357
9.380139237767063,3.942149889679649,3.894362926925679,17.988818237652957,1.33453748311357
85.84986512670959,45.34766498680838,2.5902698120303107,133.74781474115318,1.33453748311357
15.154343378455016,7.190475533701679,3.3140730994624223,40.88075211981321,1.33453748311357
24.080973083952845,9.649065294986979,11.081807347868898,44.54808681563886,1.33453748311357
13.906349963185455,2.9117810352559568,6.396263114994675,18.035106367202246,1.33453748311357
55.08603271472835,46.65697937734875,8.378693429037744,160.0467300712311,1.33453748311357
14.445635897424378,16.149484222136724,2.751658919371735,105.12109494094827,1.33453748311357
13.431913155459354,7.275948281147146,-0.3308343650265542,27.42179171284338,1.33453748311357
15.239696891687853,4.646954939793992,5.227282725090735,26.65979953200046,1.33453748311357
17.672690314397933,29.54265843420436,-1.3037432004921048,114.78739029090912,1.33453748311357
20.213973907224545,26.21517081173728,0.05695322816271672,105.44192943868754,1.33453748311357
18.395453658842957,13.830187344406232,8.657755553781891,98.77443235924453,1.33453748311357
31.630580465557266,39.75422472128019,3.0021603986037455,115.60367203454341,1.33453748311357
19.022275580649225,6.0128635825021295,10.094231104892557,31.78956853228582,1.33453748311357
12.165679812128007,3.7043373956980066,7.493165198823575,23.755381754854536,1.33453748311357
10.816357830031452,3.35882570513165,3.2359185250204536,21.253721726096536,1.33453748311357
81.14137822963522,37.07423691917368,10.886757628831436,117.28603969921907,1.33453748311357
36.18116591381669,37.33503928040034,7.656871683138692,119.44818894999776,1.33453748311357
17.56920732206521,4.154125127138851,7.708035518842644,26.8221881483323,1.33453748311357
18.538162811999733,7.510736057936225,5.692775743117431,30.526815353226993,1.33453748311357
7.701810198992097,7.026114756068247,-0.46038601949877717,32.726484763533506,1.33453748311357
17.839794331292396,5.213151982992008,8.603880489763172,29.405966820224123,1.33453748311357
63.379141442530454,52.52164977294113,1.9478442953917106,125.63817549205592,1.33453748311357
37.646247250294735,39.66426799359791,1.9735429198719505,124.96803773701971,1.33453748311357
31.04155696926454,36.67169168827311,8.291055658341813,118.33230424885961,1.33453748311357
44.50737519324093,40.07385937079639,-24.7957355338698,123.95558462149052,1.33453748311357
14.437200009422847,6.922851620127279,4.730501047220312,28.174720500810597,1.33453748311357
74.41088014642033,37.5795547582778,2.75614031755982,115.70716252849408,1.33453748311357
13.263100031638832,16.85554896106404,-20.30089086704213,94.15964606411193,1.33453748311357
68.06503862524853,39.82427903883263,9.669046877176305,119.74351986843979,1.33453748311357
31.13213372176644,28.617106133600952,6.1896729141457465,102.61107100959649,1.33453748311357
61.61911888070473,42.879300584851855,7.886754253999755,141.74146009163064,1.33453748311357
28.142081188529588,20.462919609465775,6.259764296002964,100.86768224732852,1.33453748311357
64.35839153363172,39.989854268507884,-8.182751318955184,107.33554128589218,1.33453748311357
42.02522127664141,38.85234460836905,-32.140999723176186,115.22149606672927,1.33453748311357
41.78923223791698,42.90281165762526,-9.439424791085194,113.4277602675559,1.33453748311357
24.90090086474825,44.141826338815974,-55.542182143895175,115.20513278622583,1.33453748311357
21.495264176468837,40.688599795594236,-25.903767660951846,102.2633890893517,1.33453748311357
46.19475861999474,37.01059109019584,10.192184597136283,119.10016651894153,1.33453748311357
21.69967454266152,23.88844900314152,4.932909040450129,118.25563009491104,1.33453748311357
55.99730997991773,64.59112602709696,-81.03975814436194,126.95530516719099,1.33453748311357
25.01033697499823,26.523048226419547,8.782407480862256,111.34747990586693,1.33453748311357
28.54761826998412,27.383851996655114,1.2652567518487654,115.07754139978341,1.33453748311357
29.650822574680245,31.472121556887473,-8.245730410839933,121.56615598308198,1.33453748311357
42.46570591394814,47.65421106979707,-48.717850291133665,115.64503178137461,1.33453748311357
26.39791474133964,27.376246997223948,11.776289201868183,108.48341909558648,1.33453748311357
74.26998515166967,48.38871013687213,-53.89325235960244,138.73287600170687,1.33453748311357
13.160074690094813,16.681736955849765,-18.214389505020872,31.481025155424117,1.33453748311357
24.58788981313441,14.688938529617428,9.898056988759087,104.87553766327784,1.33453748311357
43.97399211031318,31.299207364222553,-0.0347775948663631,130.43214533684386,1.33453748311357
20.28908316603595,16.261945898221136,12.724588155788561,113.66356119831289,1.33453748311357
20.45486521423846,15.291834281689866,11.142688989357453,109.07630370652271,1.33453748311357
37.69550413396562,26.030151223652645,12.6014100812967,101.99961013309677,1.33453748311357
9.799432456358257,9.020640838467154,-1.5570636900502373,35.16243782705263,1.33453748311357
43.88280827810076,46.938081209948685,2.3946138258154606,124.53953978739074,1.33453748311357
21.693995713733226,21.671992236969835,8.838594809542524,115.686608726026,1.33453748311357
16.92915813800776,8.4278667228582,3.48065528161856,44.92297112658937,1.33453748311357
23.52616599999861,30.08952266687633,5.940603248178781,111.80580279532543,1.33453748311357
34.12652308260863,34.666311923594634,-19.81062964338461,115.17547235970909,1.33453748311357
41.0876473063347,44.448022382279085,5.777255739325193,122.86545713318749,1.33453748311357
45.66453817640203,45.64245424606382,10.839476189358725,129.3722319105646,1.33453748311357
46.408290512842285,47.56188104366269,-8.488075130792662,124.79015212704157,1.33453748311357
19.53780917904102,34.29950882802179,-1.4657339255596158,130.93216078634916,1.33453748311357
14.394314859393294,43.2111754237261,-44.269721925438255,114.06126554728817,1.33453748311357
-7.577619461858158,33.450616261496954,-81.60431168001823,40.820978061378355,-7.577619461858158
26.60266729465691,10.161988290339584,9.023323309789898,67.4428257222578,-7.577619461858158
1.1233663927072894,25.04022824455767,-36.08450285793119,113.2211908658842,-7.577619461858158
-20.105134072053524,88.3190907433943,-114.9989015720735,117.87559406643778,-20.105134072053524
24.899274451153588,49.58060158472293,-72.64125984613509,113.44509378535635,-20.105134072053524
-3.1918688780278632,76.28652074975982,-104.63813407841398,113.54195814611862,-20.105134072053524
-1.2882844285143034,54.742398815089906,-94.33525770430968,99.64971365191076,-20.105134072053524
-31.20855245135556,54.43029068267115,-91.57958524181736,105.32797917057843,-31.20855245135556
-24.692594532415463,43.9211324153701,-85.07456363496362,88.82864999027478,-31.20855245135556
-67.15233720030885,35.915534022981426,-108.59159480742696,47.69728097761464,-67.15233720030885
-53.59545374104712,82.99757895397867,-144.24609691235742,123.03689078260899,-67.15233720030885
-22.57804144942871,82.19453896595357,-112.27361749471494,106.89600888751346,-67.15233720030885
-15.834550533087354,91.1041126180458,-126.41613785134486,120.50634723975723,-67.15233720030885
-49.85990061965922,73.18121459520725,-129.66421002225343,112.60201211491052,-67.15233720030885
-53.795125602103525,67.49176996848063,-123.01248287195847,110.3856718935694,-67.15233720030885
12.529569068799187,91.39776312883258,-124.80488264546732,116.64047088265062,-67.15233720030885
-4.310429067874812,98.80757843088857,-131.19120918602366,107.55121780461587,-67.15233720030885
-18.307648719292597,95.15005922880837,-127.2207305651316,126.8988332644706,-67.15233720030885
27.60236860828921,85.504738348605,-123.03015474982601,116.35665715888716,-67.15233720030885
-48.80947260210656,69.07733870693208,-123.50790278848619,105.70921655217428,-67.15233720030885
-32.77233639890988,89.3667963702841,-135.03121872237816,108.42429531879245,-67.15233720030885
-0.863720381385205,101.44872720879216,-163.65432299335384,121.90683166138608,-67.15233720030885
-57.27502381697296,86.72024674646183,-142.2805247584395,101.34713754337278,-67.15233720030885
42.24971678006435,88.49126487241807,-125.90522771665624,121.28690146478068,-67.15233720030885
-21.072908607813662,88.2837620326671,-134.21896801194026,105.09878190533706,-67.15233720030885
-21.55239229455871,95.7907510292347,-124.10147516485686,115.53527391422335,-67.15233720030885
-19.728603242281466,100.66991823689038,-142.20726533941635,116.51495276959776,-67.15233720030885
-14.137752372243888,97.43068350214777,-146.95063599779127,113.9114212979824,-67.15233720030885
-46.73261310058855,98.2262717693497,-157.42918351086462,110.5568103596725,-67.15233720030885
66.73139503980435,80.45057777660722,-110.02302809639151,131.37759303385772,-67.15233720030885
4.015254949120664,83.31209645563023,-138.56717219983747,110.07517327028103,-67.15233720030885
-28.624766950036594,90.31154702170464,-131.28732878177107,107.57131284772825,-67.15233720030885
83.4763215157903,58.05613964383618,-102.42065763075689,128.8946689440414,-67.15233720030885
-2.8164925307722313,98.1432039606298,-110.82390264684354,124.95157565255029,-67.15233720030885
-15.08376691735974,104.13952311021609,-154.62681073839,112.37665458512441,-67.15233720030885
53.45600030043967,84.81330666512797,-107.09316324790933,122.94051463890787,-67.15233720030885
-43.3127927572407,91.97153585891166,-117.13900606650401,112.1629512155451,-67.15233720030885
-32.18917167998387,90.55001894910376,-130.61448108485263,117.91648711171953,-67.15233720030885
0.7909843520601556,97.07934254431976,-157.28441929133467,104.1398444640673,-67.15233720030885
1.9310742068607882,85.32334840504564,-143.50359124562394,102.52068254308062,-67.15233720030885
-40.6710147375835,94.40205006828226,-150.13486155500266,102.43416735560221,-67.15233720030885
-11.357726862195648,96.01327920335042,-136.5239585275515,116.30642757985134,-67.15233720030885
40.75306535619727,76.57084021059993,-146.80266425964325,107.07664042988354,-67.15233720030885
-17.377477623660425,66.29186474715671,-103.14541548141798,87.40206144397496,-67.15233720030885
-16.17102335415287,86.64303076220847,-148.22605213625476,94.80993956710097,-67.15233720030885
-12.015550178751642,101.55487141164355,-121.39147931423842,135.83910898504894,-67.15233720030885
-60.73511154328589,66.36406002753111,-123.49295841072767,106.60688962698195,-67.15233720030885
-40.85994841516808,93.4095361645721,-149.82314396530975,113.43605153373002,-67.15233720030885
-50.80406453277778,85.5255739837648,-144.17266627013228,103.32978871265355,-67.15233720030885
8.219449512707788,92.61965577441146,-134.5930353955729,118.51713627017418,-67.15233720030885
-7.568472373368356,88.75226154060498,-133.22861826382186,118.38420723129045,-67.15233720030885
-18.544887426336153,89.36427406697307,-138.26431771449867,105.5632504134685,-67.15233720030885
-47.52585913410993,83.63809015243397,-157.1637156596524,56.49913818168225,-67.15233720030885
-44.496423270378294,96.85439822503179,-169.76074835215417,106.32021824751305,-67.15233720030885
36.09146564176009,83.56291642917084,-154.25100806716077,102.5527974994875,-67.15233720030885
-53.48299414374401,89.20709327816401,-150.24581908823058,100.85633991912547,-67.15233720030885
-52.066149264607084,93.54709302785871,-148.81203837482553,105.12938939441484,-67.15233720030885
-66.36318026511827,95.86748374171358,-181.11170924653905,87.63795624513648,-67.15233720030885
-46.45420053384658,100.20701688679912,-183.22948592120773,105.66548967210362,-67.15233720030885
58.35776360784881,60.183392419110774,-78.15011633935478,121.59708851411342,-67.15233720030885
-39.61181331369366,90.59438658034426,-167.8221348751007,121.6164199532333,-67.15233720030885
-52.5059106985987,99.61413260407356,-181.8183005961099,112.70338596177416,-67.15233720030885
-30.66376472764868,107.44768681464058,-185.39791568136408,116.22612574117024,-67.15233720030885
-13.744374894064302,106.2563180587661,-164.49815143888856,114.58806010324659,-67.15233720030885
-17.85694244464784,102.51662322532889,-172.77567454799507,113.92890016822582,-67.15233720030885
-45.91482284127628,96.75721089157993,-146.93375036511142,114.58390056565065,-67.15233720030885
-60.81572748662101,100.03995986290805,-191.22903743671762,104.63680457964314,-67.15233720030885
-29.56762462067377,101.10070146031129,-154.20828135706356,114.04318601272043,-67.15233720030885
-33.43611771272472,98.00294967395862,-179.51043092146998,113.62202064733985,-67.15233720030885
-72.67471862592268,86.31714954352235,-160.84217497318153,115.57136703946878,-72.67471862592268
-20.65086451024764,104.405530928951,-166.37424174067917,116.78009071274974,-72.67471862592268
-68.06425040876714,71.51409887955705,-155.53878160989555,62.706502156732405,-72.67471862592268
-77.23528710886598,96.16685167771028,-174.63591977717513,114.98124473856937,-77.23528710886598
-33.24899943670187,102.82850132680059,-192.72111024378182,101.1021894204452,-77.23528710886598
-61.53637578898815,109.2694498446469,-214.02946906311362,103.46646948794945,-77.23528710886598
-82.20378709427432,95.6073323966237,-174.3622499723961,104.19830709714432,-82.20378709427432
-82.63040886948257,95.73989278399063,-180.93207341577096,107.42536789693435,-82.63040886948257
21.76795470063256,82.80440405126002,-188.20879737483884,103.8303748895709,-82.63040886948257
-22.376067874333565,106.28793634896238,-204.41517657289143,105.64122587025477,-82.63040886948257
-81.0672199662145,105.75245061137149,-209.88632560078034,101.59353375586475,-82.63040886948257
10.416392850163994,102.29169478147274,-185.10415144112224,112.16440653539689,-82.63040886948257
-54.68337502476098,114.54513510687546,-210.62438613476172,114.77171620045368,-82.63040886948257
-55.15497885318142,111.31291705126556,-216.70854846432073,108.93571224589274,-82.63040886948257
-46.535765292928716,106.06320347804032,-205.0626752551752,103.27851514809915,-82.63040886948257
9.905670576634868,94.56615730259918,-181.3952879089539,120.32763577217725,-82.63040886948257
14.162952324531117,93.11882488775596,-231.31759660776078,103.14837626577975,-82.63040886948257
-65.10853053204008,114.28169279209892,-219.29402079872605,108.01094248635926,-82.63040886948257
-1.6873747408343043,108.22000317708495,-203.08825097298467,103.6331695527022,-82.63040886948257
33.73451309856897,103.68849128987834,-204.69151180023223,118.59590824211517,-82.63040886948257
8.521205685273658,103.36384964926005,-216.21238231549978,112.86325180979463,-82.63040886948257
-63.63007553683297,98.53197710758855,-165.4627499737616,108.3117393620691,-82.63040886948257
-62.02943344034936,116.47449679144479,-219.16600498584089,105.99283107833323,-82.63040886948257
-54.0906398694178,88.72216939562533,-145.10524898013557,120.98304949951617,-82.63040886948257
-53.325892436723635,81.15340273342032,-167.62444215948835,118.1184450156095,-82.63040886948257
-104.69933289902033,89.48517200613082,-185.26060378820662,114.80511873830153,-104.69933289902033
-68.57903259466042,109.85733205307642,-193.28881448040465,122.67505463434088,-104.69933289902033
-63.199629059439026,97.60947217078792,-172.3656865053458,108.9276710083229,-104.69933289902033
-53.45734334000022,111.65016489162171,-193.17259068139657,107.65123153287644,-104.69933289902033
-36.75276656127321,117.90539178086449,-221.49968596471794,107.05897395304285,-104.69933289902033
-16.318513047899565,116.90901210236899,-210.63384380647312,107.76650944528278,-104.69933289902033
-51.95868769835024,103.2778175464397,-214.696141835031,102.27761251237085,-104.69933289902033
-89.1443354896465,94.17298716313817,-185.44882956259133,99.67051621431119,-104.69933289902033
-49.3216604910325,105.69406507388463,-211.9485694033646,113.83568967006865,-104.69933289902033
-22.85776849530002,119.17502264017413,-204.34428151940403,112.33431643952116,-104.69933289902033
-48.46621155460608,125.80062431054318,-227.7549167791787,120.96554821041417,-104.69933289902033
-91.04473596163716,96.19292652893547,-199.44774712953011,110.04664740105736,-104.69933289902033
-31.47465402651693,108.26824447950396,-202.06556044593745,105.18908640894287,-104.69933289902033
-41.914438892221284,86.99006988126986,-174.18086614456524,108.94591957212303,-104.69933289902033
-30.599440065085176,109.56692295748938,-214.2598233313084,101.04468184276655,-104.69933289902033
-22.706707038391997,119.3258613677213,-201.17207628294727,129.91153263368074,-104.69933289902033
-41.92484140835333,109.89574984947592,-192.58209997410864,109.78528217661362,-104.69933289902033
-21.563119778077432,115.91195467788673,-210.15025899709195,117.52161231322188,-104.69933289902033
-39.785121504096374,117.15417011416788,-218.66542826119598,115.7407842738021,-104.69933289902033
-54.87181104478935,119.37210701749423,-214.57376621533834,115.3703264113243,-104.69933289902033
1.7326517389141942,103.17352623178779,-201.15796720342112,120.04859978166483,-104.69933289902033
-17.402772421139517,123.86346847993887,-211.6127834745483,117.89121913306754,-104.69933289902033
-91.04418376621301,119.05207672767536,-220.6932722004442,116.2910451141403,-104.69933289902033
-104.08134800376716,109.25031148923935,-232.07113939565792,113.73449268299552,-104.69933289902033
-106.32448870315508,112.4849044643194,-224.0838842738808,116.50865381702619,-106.32448870315508
-102.57781140319234,113.63235437400266,-213.63110162627683,125.58181152358316,-106.32448870315508
-108.91005667498702,85.54626372215525,-203.35206094875673,46.86408596446243,-108.91005667498702
-71.33996617269834,89.59150828780461,-199.4933939881216,69.68658065773282,-108.91005667498702
7.280851633400521,92.6170390926249,-140.3434046420092,107.25690963972147,-108.91005667498702
-23.87476992413412,96.29053929570627,-222.0916220422437,87.07264019068953,-108.91005667498702
-25.57602164642304,118.74298984564464,-216.79645237825656,126.0731529539717,-108.91005667498702
-32.33643965614784,123.25528320763674,-228.06578012341436,119.40029294189979,-108.91005667498702
-5.205510041933894,119.65712022007494,-222.20568359849386,114.83510592764,-108.91005667498702
-41.93633654281166,119.50084875750319,-230.6194717165596,117.27785455224242,-108.91005667498702
-94.48944725183941,114.41029429692864,-247.6108703122892,111.94750626447961,-108.91005667498702
14.226269485127325,102.30874356330813,-220.86898095768044,127.21201341143687,-108.91005667498702
-104.42372009101699,100.95775575193682,-211.48860685294562,67.93473504098242,-108.91005667498702
-108.33739100897947,90.04730034177588,-188.43871091106354,112.03605163907541,-108.91005667498702
18.62623337329504,111.8607954790458,-191.62702023200168,125.84305077113692,-108.91005667498702
-98.10915592175998,107.7193056041238,-210.36440839948662,110.16782507341993,-108.91005667498702
-95.45088258623898,118.94723100650536,-231.05875951118986,115.35358604135159,-108.91005667498702
-96.75153989408093,115.24292220019672,-220.74020493277686,118.46485151418797,-108.91005667498702
-116.31440452450836,106.29681549755047,-226.9699385322539,87.43116164739419,-116.31440452450836
-140.36282094430808,76.15684666618095,-211.99693953539702,44.87811223361521,-140.36282094430808
-104.14231060407798,107.01563572258331,-234.54786166815836,98.36148444953794,-140.36282094430808
-105.33316669870753,108.47384922279595,-235.9714982606509,87.9025344070573,-140.36282094430808
-131.97019100170994,91.32226687343199,-209.6847998610775,99.95598417187767,-140.36282094430808
-75.62895836771887,121.91382250575448,-202.32284905331284,114.48988226668351,-140.36282094430808
-120.50380249569174,91.36777771699617,-237.36353473448332,60.26226268208307,-140.36282094430808
-21.843566450279525,112.12732536202226,-227.17427896616553,116.79799455126945,-140.36282094430808
-51.268241375281164,119.95804726320384,-243.69961091479388,112.61575040758866,-140.36282094430808
-11.572273428214784,126.74631685625516,-274.181453024963,113.60269015030434,-140.36282094430808
-104.70790424502599,125.52094683548376,-241.0918495375686,113.69148221101702,-140.36282094430808
-27.24573690694299,120.23564130659071,-253.3211435174922,115.5917728992486,-140.36282094430808
-13.300580795671316,133.31458245865844,-250.25168902386227,114.2325210963234,-140.36282094430808
-58.45216369781157,137.37474232605672,-249.4735158359227,111.82920268755427,-140.36282094430808
-138.5817238211343,90.42677941422754,-223.10870645100374,50.88298487714103,-140.36282094430808
-91.8714460854236,133.45518631393975,-252.6913572814157,118.12586822577725,-140.36282094430808
-70.10472981253878,142.1420497751578,-239.99551348487634,117.22984815121458,-140.36282094430808
-8.52031940365693,150.91261442403402,-258.6477004934159,123.99166839972791,-140.36282094430808
-37.28942109133546,124.76721950282261,-271.62282075294803,105.81231331167066,-140.36282094430808
-104.90018554830861,112.183344546087,-246.95587597175253,80.16041976535432,-140.36282094430808
-111.23107429991583,121.29184645802559,-251.1300148087113,110.41837825728047,-140.36282094430808
-104.8682115876986,121.13935910182968,-233.0306748454941,107.8583865517801,-140.36282094430808
-67.92295255930077,145.63260885242758,-253.03111756591747,116.6713337418139,-140.36282094430808
-105.26101410654412,112.18866137507811,-219.97409180667276,109.59528994132279,-140.36282094430808
-140.04994721830275,97.12640452219388,-253.31790136574872,59.995710988828776,-140.36282094430808
-59.63253728090792,132.02108359504243,-252.47832105049355,99.05423908500636,-140.36282094430808
-107.49558562142988,122.73451993802098,-244.60278437817362,117.16962540488876,-140.36282094430808
-53.51994727089861,130.9346988817579,-261.2748390864487,113.66925744928585,-140.36282094430808
-81.6573743922375,137.85449525719815,-269.3613560454287,116.3443109256836,-140.36282094430808
-44.353928241187575,126.35846835301308,-240.08648683385874,117.85433626848484,-140.36282094430808
-50.69510389690138,129.54675523732848,-241.19273892927134,119.99569360606262,-140.36282094430808
-44.7605135336352,104.03587782899591,-209.785205899422,113.38804775377866,-140.36282094430808
-149.0414151935146,71.65050498544633,-228.39582221266477,69.69192892411289,-149.0414151935146
-81.91011713248477,129.16603263655023,-256.2247938959301,122.57316297310558,-149.0414151935146
-51.819463007856115,116.71426566787864,-218.30994542689274,115.85186499493551,-149.0414151935146
-78.1296503769413,127.79437938040782,-227.28397302114638,115.9354345806319,-149.0414151935146
-24.838227415820263,113.12410169843132,-195.29963759406857,114.5234552978861,-149.0414151935146
-10.927064140193467,122.93718003171503,-222.14799001101994,108.43105584747,-149.0414151935146
-45.74393299942889,147.78784156318932,-251.56941670243205,112.87568996056312,-149.0414151935146
-84.99102676909108,130.06588881221737,-246.7715929231399,113.79093652864552,-149.0414151935146
-106.00976651289926,108.23056188083632,-226.58802829952936,108.93874018192672,-149.0414151935146
-47.82309809231513,143.2432104991366,-255.28056683425544,120.19320720591148,-149.0414151935146
-65.10671517910899,120.2764519489481,-254.98968257334067,80.82643824718696,-149.0414151935146
-105.68046579678906,100.61755384615617,-201.31307265550333,113.34192778227147,-149.0414151935146
-102.153897738833,127.69911553921472,-244.45291605523323,106.79245287523923,-149.0414151935146
-145.66372613739318,82.4041629061603,-239.46869813017545,60.76161132247959,-149.0414151935146
18.695759417817285,106.91298667181803,-252.10688033221095,106.73785248174254,-149.0414151935146
-63.262200894859994,130.7569565033965,-257.8410165650135,117.70510716136931,-149.0414151935146
-95.223983272341,115.34791159504661,-235.2126744200103,111.91806196807686,-149.0414151935146
-121.10879663125583,71.99826664466403,-204.00196932957357,70.57647616860326,-149.0414151935146
-131.84214332803828,85.81144505877042,-230.79493715813655,59.142700422228145,-149.0414151935146
-67.58669826614266,132.91159773171555,-253.10840825160017,120.21198480127855,-149.0414151935146
-142.23646146780843,82.45622313900597,-232.28691882491893,99.19230547877468,-149.0414151935146
-118.4176029110828,118.84389342344197,-228.19644866163057,107.80251088613281,-149.0414151935146
-114.25889313247447,117.89842191586612,-260.0625155080288,66.53508189319699,-149.0414151935146
10.906217826169211,113.30930966591467,-264.5747884376138,113.51166578896614,-149.0414151935146
-49.15938430526169,128.6743765819547,-256.814468726829,115.7572923444002,-149.0414151935146
2.400950422045879,127.03470608119169,-263.1008330874454,113.07581352885634,-149.0414151935146
-114.14439679191368,106.8171600735965,-241.01996048352638,94.0247563742872,-149.0414151935146
-143.7309311767898,102.62763872338682,-265.32155159145486,93.34533198228536,-149.0414151935146
-30.788418834814347,123.99137756489418,-260.100839550933,117.81819645338493,-149.0414151935146
-139.93885746060627,87.34206911857994,-247.1915886992561,92.87799373015051,-149.0414151935146
-78.60072485467686,130.65433552916056,-242.3878717265195,107.60448308837505,-149.0414151935146
-59.68159530448796,124.98305163442524,-262.28167621100727,114.78074610487087,-149.0414151935146
-129.53791477757474,114.08399681102387,-248.48933895173818,101.874542859313,-149.0414151935146
-75.8380126457825,141.90332418688922,-257.33137005710665,113.91921509988467,-149.0414151935146
-51.879644676841,122.18438414301465,-260.1618026948016,115.02582899262939,-149.0414151935146
-128.1809381287649,107.54949686628584,-266.70071119859404,89.70968032078477,-149.0414151935146
-43.819570527401055,128.14456052493122,-267.50614700778755,112.64479157246872,-149.0414151935146
-78.59478006681118,132.70140679755647,-267.4146213957168,113.6765059172095,-149.0414151935146
-147.07728409889106,85.23349101599852,-226.3718798221491,93.92384076146843,-149.0414151935146
-16.893735443529906,130.27475534725988,-265.41234226810116,114.93394067662767,-149.0414151935146
-37.41055304409363,126.94334226329744,-265.8355410201762,113.05194565782564,-149.0414151935146
-26.893901851789384,128.5375687390337,-271.2785782582214,115.29574170860846,-149.0414151935146
-146.94947861002527,76.15364455357533,-249.9788979723894,100.1892386359913,-149.0414151935146
-129.3674403468563,97.40491422878614,-248.63444376008053,92.60534314028048,-149.0414151935146
-160.302861447199,65.10771053171644,-229.55389373962913,33.10618456118746,-160.302861447199
-119.14737241216739,104.72040113048308,-230.88694534305193,110.47097328379715,-160.302861447199
13.109310625992826,123.32776706150628,-256.47337026833554,113.74760341772577,-160.302861447199
-84.57113401824367,130.05320522988902,-251.32908865606336,115.55308867589284,-160.302861447199
-111.599431384118,111.64286262915662,-253.3909112082657,116.3537737661154,-160.302861447199
-142.69488186188153,80.07555723742452,-229.47496975865178,106.77488276352322,-160.302861447199
-77.66771011673714,115.16346170103782,-215.8978096590448,115.18905271869266,-160.302861447199
-59.49825204918571,147.12724229387305,-249.72539448043298,145.11339549126302,-160.302861447199
-138.65836806457685,95.68877400756901,-240.35396759522158,87.97524735714785,-160.302861447199
-94.20429723838276,112.43896655103089,-212.1834815109588,109.19245264697614,-160.302861447199
-64.07517363042273,126.05322772252171,-241.34186985553157,122.81748102308688,-160.302861447199
-154.9991277741839,81.81220770550564,-249.08990591134616,57.779157773934,-160.302861447199
-63.87013000281375,96.00819732761315,-219.0887081562505,111.92536905183479,-160.302861447199
-147.797876320359,68.14029736475686,-215.45395490407063,55.373242676551946,-160.302861447199
-118.58945557797632,107.67320928920532,-245.60958882353063,92.24761344318743,-160.302861447199
-66.49811653687897,114.96237149871621,-254.08072289658915,111.33692352912482,-160.302861447199
-96.00506682601998,112.64338423838923,-247.21171271511437,91.0638275694624,-160.302861447199
-57.54502257068551,134.56851322978412,-269.01665974577594,91.70706149308228,-160.302861447199
-100.37341329191014,117.50441043929068,-263.6615237188001,111.39055288101282,-160.302861447199
-123.79913526154694,93.90896028298842,-246.369543645604,82.65321856846154,-160.302861447199
-132.3651979890056,119.96006060019528,-252.12349707471427,106.62463660121595,-160.302861447199
-102.15318017358548,115.48475343281629,-250.85922297170347,94.93076861260467,-160.302861447199
-59.19748187979204,120.27486918068443,-240.818926005977,120.32219239297271,-160.302861447199
-113.96727897601939,120.98591697719593,-264.5208543482579,110.12714385971373,-160.302861447199
-61.01827102924944,145.01535878061216,-268.74187880016717,114.09916411308208,-160.302861447199
-84.42650109130206,134.5843171641966,-260.3228019762248,114.76292788539611,-160.302861447199
17.01003969835095,123.95855684739516,-267.7084921290277,121.513268985695,-160.302861447199
-123.59070339030495,115.9662320106089,-271.5824867345439,115.7380059623995,-160.302861447199
-70.56773681853639,138.77234763197734,-251.25421175312297,117.18586992064101,-160.302861447199
-141.08236134297118,105.40507200778538,-272.4194147819277,73.15768948914388,-160.302861447199
-72.08464094287807,128.0311706968927,-275.2897948535505,122.44163726249934,-160.302861447199
-127.17137752737848,116.07769096373138,-269.7070552427993,81.53680457108456,-160.302861447199
-118.71117770736403,104.73825597716657,-258.0554005492716,93.26023545136923,-160.302861447199
9.629516672813747,105.40313377944032,-259.9764092406931,116.63806768340604,-160.302861447199
-8.08035040444027,111.26341476020939,-263.6540601606618,114.03028422787267,-160.302861447199
-45.157199960745906,142.45682860279163,-246.38446827907106,119.37374359409178,-160.302861447199
-48.27979421833104,142.72960769110517,-258.1538565526719,115.53493717789347,-160.302861447199
-84.86823392504446,142.8581993692014,-261.6936905143356,113.94148078132476,-160.302861447199
-31.353471616206416,147.81617036058717,-252.98457966822625,134.93119059846367,-160.302861447199
-38.23742674226994,106.73666016126091,-250.0107310037651,74.38893779635804,-160.302861447199
-67.14572830184312,127.40243309936912,-253.03606672630522,116.86105713208796,-160.302861447199
-23.52061126502922,134.88715483254646,-246.3777487990432,110.42035948255538,-160.302861447199
-62.31293716705722,129.0275136018444,-245.9574433363802,121.8747167630471,-160.302861447199
-126.25043026281209,105.80042236340057,-262.39373859706967,98.88507133374674,-160.302861447199
-105.34187332102908,121.83717085015908,-267.6026507890586,105.7197595601356,-160.302861447199
-154.4767537730108,81.94774009737587,-254.67101974423693,37.05329074011853,-160.302861447199
-140.84881929626783,96.05608136507911,-246.59007020894532,56.9589689062051,-160.302861447199
-109.34893692369363,124.83288427874658,-244.3940184157821,110.30113280139186,-160.302861447199
-85.43960250725712,127.90267655537765,-239.49922341050944,114.05624178582885,-160.302861447199
-67.85526856421373,145.18763141359375,-256.07625987094525,113.44517507714404,-160.302861447199
-125.93708331143858,108.5479347950058,-231.2465385352873,112.93993667315348,-160.302861447199
-154.51305586321172,91.09936296209581,-254.7967778015677,99.44040232636158,-160.302861447199
-142.76104645566394,98.01317742187767,-255.46326633170065,109.61927894585455,-160.302861447199
-45.76843751673445,113.47495459604008,-254.5791794838386,104.71262164783363,-160.302861447199
28.703964835024163,88.90346217097823,-230.7415933039127,110.31804510041971,-160.302861447199
6.4059235036860995,94.21258097616564,-252.05398052708495,112.01397113340587,-160.302861447199
-90.4491691771694,133.2860863915369,-256.4640781080929,113.44774480635593,-160.302861447199
-20.929509709190363,119.6341073163199,-264.68612991195295,111.41608967618309,-160.302861447199
-131.34183683922134,108.07914228065576,-252.55643811526804,91.8128802970668,-160.302861447199
-154.62190634763598,89.37441012583506,-243.75074486676348,68.01803611775863,-160.302861447199
-62.11746214840335,135.1397676221711,-249.06396860321263,112.47767045084451,-160.302861447199
-52.797906477297325,123.58843814893585,-227.0175638019821,84.12190905334458,-160.302861447199
-133.85136290021535,83.67182187566277,-229.16670269254948,63.11530007497617,-160.302861447199
-88.85676130875204,117.63328997333254,-241.54685179116493,110.24612678208669,-160.302861447199
-23.61152147574317,138.83872020937395,-256.26550693387287,118.93186380363503,-160.302861447199
20.040192959456505,120.60908224449713,-254.85180198608992,112.33054338453277,-160.302861447199
-33.62899905347063,149.83526620565925,-260.64133136446026,120.93537101802751,-160.302861447199
-98.56656442610351,115.26388550580067,-240.8837391386862,108.63610611596066,-160.302861447199
-48.1121118347367,127.60942637468308,-260.86561435049487,108.34437147119692,-160.302861447199
-95.89612355178075,127.59615713857333,-253.670436167127,91.24613763531413,-160.302861447199
-70.45825195031972,136.54432101543046,-255.7322415543967,114.19500905243945,-160.302861447199
-15.517926101533524,134.94629994356,-243.91085068098442,123.80927205528485,-160.302861447199
-159.43005642287483,82.41335444800715,-249.2209896485781,66.97649899887205,-160.302861447199
-101.62017917479193,121.54599251633626,-253.86768564004362,105.57250516913109,-160.302861447199
-147.9642380048062,92.2758163440047,-240.9161700856178,105.00492285263965,-160.302861447199
-65.7944191298306,120.45247332688005,-242.5714917979225,118.72389502969082,-160.302861447199
-105.87938143131979,130.3318031760795,-267.50927325798955,111.96987214726354,-160.302861447199
-139.91076189947916,81.22434665576522,-238.37069989825034,64.19787628304312,-160.302861447199
-3.992196468912683,120.11463640330976,-256.71056968174236,113.38622405950319,-160.302861447199
-37.47406263134056,145.43735670103598,-248.80736756155275,119.65360633888821,-160.302861447199
-151.7922277809931,70.46355756975974,-231.67200386655472,63.3183850580308,-160.302861447199
-149.49955827611046,92.71936149442644,-250.71781329885252,112.65959810611874,-160.302861447199
-61.80587470921915,135.99838281327865,-260.45042939284724,112.41327198355017,-160.302861447199
56.10405889355808,82.64191973949175,-217.26149777147504,121.32992326049235,-160.302861447199
-87.81547590733956,119.07206130890707,-253.73407516032216,95.32780943752084,-160.302861447199
-49.61986469648775,131.88730969743222,-255.38907553402927,113.80127069038184,-160.302861447199
-14.90517214259529,123.3952541516969,-254.98133707923805,151.72297958396166,-160.302861447199
-17.881490648480323,126.76589648297097,-262.6127495542832,114.49260865328624,-160.302861447199
-55.57292127519437,127.92572497749443,-267.14721468303884,141.43447439380802,-160.302861447199
-37.023754313420575,124.02336449799208,-261.41393956989145,110.64566600426001,-160.302861447199
-146.93594169691076,92.60696700947442,-230.0908894845472,72.40948647246952,-160.302861447199
-138.8207389299345,85.38188667528915,-247.65545875086625,75.67739811920555,-160.302861447199
-134.4001630021073,101.04800269797096,-234.37797603681307,107.68339054773388,-160.302861447199
-102.26668185689832,128.92871498673753,-258.383571189572,116.00397576685509,-160.302861447199
-113.2281610002612,109.61893793789379,-257.46672547671284,105.69445707764513,-160.302861447199
-48.07008110753716,113.42194912294306,-257.7867549663053,111.93162058732881,-160.302861447199
-87.3056694388653,135.66224774805485,-268.2351009927959,107.20490145452452,-160.302861447199
-77.95302318429484,133.4062178089307,-256.66458484590595,121.4582093893923,-160.302861447199
-122.04219368923395,108.24225327116092,-253.54989361645502,70.57728028822166,-160.302861447199
-83.1684857737618,130.9604202389027,-263.77011829676275,115.06763028408199,-160.302861447199
-39.644420768993626,150.00647106723738,-270.12212776517583,114.71370199872436,-160.302861447199
15.381365019947005,123.47270724826932,-271.2137805038874,116.44434086338116,-160.302861447199
54.39580476257604,89.39946854741127,-223.4541474910039,131.78220091897487,-160.302861447199
-104.10015856486483,122.5893602337693,-263.1085639450088,108.67335291980847,-160.302861447199
-52.11891134287032,142.29815545423082,-271.92520631344,114.79532430973887,-160.302861447199
33.65094648740583,114.10729728207158,-268.4967625750089,119.8598831004671,-160.302861447199
12.54804004486421,89.7373549468087,-266.886399785147,116.65863842569593,-160.302861447199
-88.31954808520209,124.83828567249671,-261.62406831301416,120.19763679693021,-160.302861447199
-114.36449716481891,109.38492999487515,-253.72585195430645,99.25344969590904,-160.302861447199
-66.13543269860303,141.6514744082809,-264.9908905882665,116.28650485424511,-160.302861447199
-119.98433752116446,119.21756836660096,-263.01877478693274,108.11417063278897,-160.302861447199
-133.17952087112633,112.55161711944915,-261.6318788012189,97.86058898490728,-160.302861447199
-33.812202408935356,157.8502702566067,-269.0801427030126,134.86517743320096,-160.302861447199
-109.44690058669312,123.85814920719787,-270.07639285787167,99.82003403615342,-160.302861447199
70.23580322820231,66.9400987772646,-259.96773859229734,152.3995084282157,-160.302861447199
-13.609749580073961,133.33450808610587,-271.59176959739796,114.60060379800044,-160.302861447199
55.84417696562738,108.23056103483638,-268.256423617882,137.4431430128644,-160.302861447199
-97.43765829180276,134.64525897153766,-259.9422667093042,118.76347314808703,-160.302861447199
-86.48058052584113,134.4887300627623,-259.6207488119061,113.05791939083646,-160.302861447199
-56.974557667368266,140.03492657449416,-264.0423657376723,115.47964239484872,-160.302861447199
-29.788478628351324,129.66498725750375,-265.77571248930286,111.77125849551668,-160.302861447199
-93.52854781953036,113.07962586917701,-226.7240664321831,100.60924057059312,-160.302861447199
-68.18466740020504,131.99619358751755,-246.75551065169012,116.27540100620215,-160.302861447199
-83.84927050003346,127.27747621357807,-227.4625757266565,113.32316223176828,-160.302861447199
-83.70743683384879,142.29204079416564,-263.0763831745121,108.0329205617956,-160.302861447199
-104.51388738712384,115.7094624898744,-234.31857095916865,95.73953762319569,-160.302861447199
-65.12693490001534,127.43204871819327,-268.58249602987155,111.68627265021163,-160.302861447199
-95.1633343447513,130.1439995697977,-245.06633031229876,109.88075625713277,-160.302861447199
-40.34875829146688,153.19691890910877,-265.47221528125334,135.37023191839288,-160.302861447199
-68.48150909430623,140.56614708593253,-248.11009192741997,115.35192723536908,-160.302861447199
-95.66067580579806,128.96767405866714,-259.3732983269355,112.06722812554696,-160.302861447199
-53.00598291392184,140.68530186015377,-265.2760045650286,112.87609406566183,-160.302861447199
-114.73869991896125,108.55727800326882,-242.61749594394868,98.66785506371218,-160.302861447199
-31.82979956601959,134.8657887537845,-254.13095818542487,112.97620252123546,-160.302861447199
-91.5236926693569,130.36610530152532,-262.12032647277863,101.06029478712851,-160.302861447199
-47.34854596740153,141.4411559876429,-258.5785368634445,129.9998757137019,-160.302861447199
-124.13501021305134,122.3267612128563,-257.1697127262836,91.65305456738204,-160.302861447199
-63.2015845182823,135.3449553755612,-260.9439596113696,110.22918200854247,-160.302861447199
-25.3934304699197,120.28538690824584,-269.75257736628265,101.51312305170823,-160.302861447199
-93.3129381081099,129.79138736859267,-261.53554774717327,132.9198836419998,-160.302861447199
-106.71975852250227,136.72713412673957,-262.7874053846324,109.40397233986893,-160.302861447199
-33.99634840866881,128.34913783443224,-267.80015574142396,101.81271193609295,-160.302861447199
-27.382457610808174,110.690595759032,-257.15966057927176,111.7769619539669,-160.302861447199
-45.880560393473466,127.25230503446078,-260.0842961971628,136.95329762876838,-160.302861447199
-29.856045777272428,135.60868969294745,-233.8736945870657,116.85384120530068,-160.302861447199
-115.97073221535837,123.86898132385394,-266.1047862002552,100.89043024688948,-160.302861447199
-32.29212616490824,147.75695962755256,-270.8535098906833,120.8144375483079,-160.302861447199
-53.29378111611373,133.8016482919187,-265.50386933306356,115.84113845253904,-160.302861447199
-27.981633581918302,146.49934447541028,-265.29379744481145,118.20024230606967,-160.302861447199
-138.65748407063197,116.7371800437192,-263.723276744764,110.25635159283894,-160.302861447199
14.077733724676378,118.5555969657062,-264.5950491974616,112.89469239199539,-160.302861447199
-102.81351987919874,129.33852642813056,-256.4466058469668,106.99893988076515,-160.302861447199
-110.27000019274038,96.34088791146034,-232.18067112760602,119.41966695392553,-160.302861447199
-48.52249885802457,133.4435788366922,-265.62067463705915,110.63322105824486,-160.302861447199
-111.64256672364962,128.24931335849465,-261.52323601654115,107.48422333675951,-160.302861447199
-33.47021822573453,139.61523269390906,-268.46456590796333,114.98291111625667,-160.302861447199
-55.111904899625785,131.45837274712133,-270.4880114752116,110.78599679010847,-160.302861447199
-25.69594936890284,145.580078682373,-263.1079814847954,114.91870713975332,-160.302861447199
-93.96411490061656,137.454606658036,-261.45559734169075,108.9490425691915,-160.302861447199
-62.429756323874926,128.36363916499457,-264.7948607909065,112.21298001308257,-160.302861447199
-129.96114302533212,117.64520071266004,-261.9161200993989,113.44827600461144,-160.302861447199
-114.37919816151856,119.04651212846048,-261.80452559384685,113.91168873063195,-160.302861447199
-64.46771924757131,135.19349484516306,-258.7025728721438,115.25450394273899,-160.302861447199
-133.29146100529886,113.36371504243859,-265.1356177026097,111.66577236574622,-160.302861447199
-83.11450084255021,139.12759022070492,-264.3115915928208,112.945510815443,-160.302861447199
-8.680731656761239,129.11312510817137,-261.7156272175563,114.06799769942137,-160.302861447199
-120.62863875545736,112.13699404071014,-262.77012079281894,115.7943982590762,-160.302861447199
-107.4292747438194,125.40931150269641,-267.14617505191916,118.40121649742005,-160.302861447199
-105.40787780853019,124.20423524695845,-265.9044801818348,135.40769830021873,-160.302861447199
-89.2948959980368,117.344204032941,-265.37112971494355,117.92124182776983,-160.302861447199
-143.8182135875841,97.00030446223164,-241.3790242673428,109.56817530761612,-160.302861447199
-32.33537609059352,136.95481395893952,-269.0583517743114,110.3183881435813,-160.302861447199
-116.27348652110595,124.86316351133809,-259.5437790497953,115.3579189201127,-160.302861447199
-29.885198242211516,125.29323978648404,-266.44575534098186,124.18458055181166,-160.302861447199
-19.399168107142074,142.08753975387594,-258.6629063026088,120.55694441273207,-160.302861447199
-81.45626150598792,139.08230446601766,-264.4594553117724,117.21373483574412,-160.302861447199
9.50979628151883,120.76960202453213,-237.80050760891191,116.71027244292648,-160.302861447199
-86.04809213271015,137.52078409520635,-270.84736247481607,127.00561121723527,-160.302861447199
-49.55843151339287,154.40587914261874,-263.807831184803,137.04085333359467,-160.302861447199
-150.72339625938196,94.61624102644551,-263.1132284560679,89.94019014398243,-160.302861447199
-48.134552435647,118.74270988791855,-251.4427812134559,105.18573837865293,-160.302861447199
-88.07488137758261,152.99772215337137,-272.7562303917214,117.32412003189044,-160.302861447199
-92.96228643744048,123.22549287381881,-266.7497145222334,92.35567259251611,-160.302861447199
-151.70504186592677,101.83440397705706,-266.9233358627507,114.39073331853645,-160.302861447199
-149.43537682839678,98.93428769295966,-268.3530074984751,93.01584498178774,-160.302861447199
-139.62459099241812,106.31995185776945,-262.29038011401366,110.12119897783701,-160.302861447199
-130.72792031373336,115.60397376594773,-261.45414432884735,100.54918557270643,-160.302861447199
0.6482109945947703,139.07709747166393,-244.20733151882163,131.10467781080197,-160.302861447199
-164.24924172017768,89.49589882913875,-259.7949458900271,109.69499453363666,-164.24924172017768
-40.82652955412027,147.58998954913898,-247.84537896088912,117.40589382750315,-164.24924172017768
-111.06543943684747,129.35857202675265,-245.92566732991133,139.3101255562663,-164.24924172017768
-151.70736707434259,76.86276698015988,-224.87852040626876,52.33439086592136,-164.24924172017768
-144.98333359731217,98.1119782268221,-254.30563300641674,113.32708245896202,-164.24924172017768
-164.85419721755045,59.45426396346134,-245.7357737870802,-22.915605081133435,-164.85419721755045
-159.85117991247674,90.44460475879477,-258.01851100398795,97.91193302858834,-164.85419721755045
-150.33824698082947,109.1513487545303,-264.7410695249534,115.60590494560375,-164.85419721755045
-114.69274632521572,112.89438364117133,-251.60160500123536,115.82147528534242,-164.85419721755045
-147.45616932704795,94.49344893280987,-259.8217328602035,142.66327234262155,-164.85419721755045
-140.53782040831473,104.45282360944357,-260.73427527957404,164.6132725460693,-164.85419721755045
-117.64868380431588,123.65821938075041,-262.5163858455718,120.98463773528383,-164.85419721755045
-54.13620551246029,131.71333257342678,-260.5740878341839,111.38114699626774,-164.85419721755045
-152.71756429236237,101.87719587626208,-259.67456410400183,103.84183541001372,-164.85419721755045
-105.44100832319148,119.53373965509019,-258.99278112959723,134.8727626876929,-164.85419721755045
-146.47753524009548,106.70120832969162,-259.8096617530033,113.0180083964173,-164.85419721755045
-39.404872521191436,140.5631119343692,-269.18761940685795,130.59574471087555,-164.85419721755045
-101.83646677124297,134.8895210766972,-270.9180697604306,114.19200729080015,-164.85419721755045
-5.469018497034545,119.99134548666645,-269.7538205021332,114.12766287319559,-164.85419721755045
-12.339319255262215,134.77962251381305,-268.45501909976633,120.89867596702706,-164.85419721755045
-135.67160844814006,112.59447234792007,-258.4209563527396,112.3402425071383,-164.85419721755045
-141.65322546648133,113.37938419433803,-263.57653579429956,92.95101771659722,-164.85419721755045
-88.91560876066127,142.18437839959233,-266.2154899682601,119.08373922898559,-164.85419721755045
-101.144733031818,131.8880216230797,-265.6631416078744,104.62680629747787,-164.85419721755045
-79.78772774867183,139.2816324227793,-269.4664536997063,119.61625836225843,-164.85419721755045
10.240716480843501,111.5319044854162,-228.1429540930509,127.7566682518826,-164.85419721755045
-128.19002350263293,113.88476348734271,-262.65998755539545,111.45390598719167,-164.85419721755045
-150.33783257536064,94.15645951684957,-263.38186676808914,96.58346562576867,-164.85419721755045
-128.32637648726185,119.01319571135795,-256.03590794416243,121.24309720072365,-164.85419721755045
58.11055569691624,98.119621126217,-235.3559647424344,126.0999629559955,-164.85419721755045
-97.75201351479802,139.71215088288886,-268.1442903983943,114.02209359288324,-164.85419721755045
36.410795175574144,129.99392507450247,-273.2144820055287,122.067079632265,-164.85419721755045
-126.66654155318287,112.38035727679919,-256.18166506218836,99.75773541884803,-164.85419721755045
-142.45036726963525,105.35416209064066,-246.02532830858163,93.03612040785501,-164.85419721755045
-74.04740134029507,136.6060417146109,-258.5591126720304,112.65738540783273,-164.85419721755045
-142.521582390306,119.49942077407962,-265.8654689780641,87.3141299146891,-164.85419721755045
-104.99739360427452,126.05237933805662,-270.19446891906483,97.38431754227867,-164.85419721755045
-47.43961711858336,134.12934479910743,-264.9606502026572,112.97139619321226,-164.85419721755045
43.21987364056175,126.36518888901396,-254.40681803806106,135.90041684860228,-164.85419721755045
-3.6282065012343634,136.62100467898267,-235.3574408269608,140.18686014052838,-164.85419721755045
-80.61573285398357,137.83894947424145,-257.73599440607387,106.6003774799424,-164.85419721755045
14.875363050381424,124.12664493715101,-265.878627015382,133.5562944171429,-164.85419721755045
-49.296028643954536,149.7713640190813,-264.4039392181678,122.75235955172512,-164.85419721755045
-145.34138397487055,82.17250074324997,-245.02457817404095,67.96121167801704,-164.85419721755045
-146.4956136383652,74.27944492343528,-228.44577105953837,68.93528334810995,-164.85419721755045
-114.51933071098685,97.59652835797674,-265.07917807497023,113.00207406950202,-164.85419721755045
-158.47790222677565,85.43654108812247,-260.7695037436335,48.62720377692899,-164.85419721755045
-113.93998493309988,122.3500326835854,-260.47828584652456,123.7505723509596,-164.85419721755045
-89.36505614912042,120.24443906898571,-262.01229555392695,130.91626581058352,-164.85419721755045
-100.01782312037425,126.50968738867542,-263.6431405486937,106.50974201384538,-164.85419721755045
-107.45253807409158,114.6092371456414,-240.88937398881006,114.623913557129,-164.85419721755045
-49.72672620431588,129.56537601248675,-260.99797780919874,103.88785822467258,-164.85419721755045
-39.26779055331004,114.4883932006237,-263.7888571929577,104.6385866957878,-164.85419721755045
-114.83495908207598,121.49462821632979,-262.61801537122835,76.44162903597609,-164.85419721755045
-129.0443707902404,122.1219573371679,-264.7564538829322,93.7578396118636,-164.85419721755045
-140.6810654892491,92.72293053241711,-247.34462105355175,82.04270530777495,-164.85419721755045
-144.51926429275755,100.31734246370424,-251.92541435774874,94.14012314266424,-164.85419721755045
-71.97515634998625,110.56732309691067,-248.46834152900695,119.6250109885332,-164.85419721755045
-115.01019797722863,102.00827416268707,-243.80715286800515,99.44045391876985,-164.85419721755045
-59.475056373115,136.32608452753095,-264.2076209369347,123.82844333388833,-164.85419721755045
-104.50717152663144,117.01365064862578,-262.61347778106426,115.98921684039314,-164.85419721755045
-20.06164165980976,130.29077470703652,-257.8424914820522,117.61644414970534,-164.85419721755045
-88.91308164263334,125.29312527326562,-267.8482391380038,94.39262821244625,-164.85419721755045
-87.2483070028065,117.87307272494041,-273.3675487086543,109.6643178660162,-164.85419721755045
-134.3918055237276,121.86625605936747,-265.6731477333471,108.36644980204647,-164.85419721755045
18.417014918169865,105.593451936491,-270.5875204693149,130.712850637967,-164.85419721755045
-70.02663983771087,139.37590332256417,-264.50929178538235,140.30491392868464,-164.85419721755045
-64.3253107092568,136.17040147183235,-262.251320254768,116.71047420713344,-164.85419721755045
-126.26769022593277,121.5271182320234,-268.8738090435953,123.85661952302576,-164.85419721755045
-23.052646688339834,150.82904787753066,-268.0231914556,125.13816035525562,-164.85419721755045
-5.028780189340179,122.41536457381842,-232.95474268945966,118.21836953348944,-164.85419721755045
-58.10435997375966,146.96604965686632,-270.1862196930859,120.06574023165517,-164.85419721755045
6.666651253753408,137.88199614585977,-267.21825788092696,123.57623378519241,-164.85419721755045
-76.34241077273775,147.31794483390996,-263.0050952724943,116.58057733759162,-164.85419721755045
-132.31716104834274,115.53907583767588,-265.0508962731507,112.07034747458282,-164.85419721755045
-137.77992353994705,107.83392233348435,-261.4643362799604,120.02873795280728,-164.85419721755045
-110.96895570899648,124.05226473754725,-266.7257118839945,146.15103193365854,-164.85419721755045
-60.829986577705135,151.02673874386878,-264.8529262794355,117.9116874100506,-164.85419721755045
-83.31015466764713,141.48694124184829,-271.8322004662092,116.75883953211894,-164.85419721755045
-102.04319853068947,98.07781051430062,-243.0459561270671,68.26189507845501,-164.85419721755045
-130.25237315647485,108.75422979735117,-256.73910938350383,85.66670957627366,-164.85419721755045
-91.28134211160113,148.03970021695582,-269.30448506969714,116.06840730598256,-164.85419721755045
-35.02986039078819,119.1310015681075,-267.06455991040156,109.72725458515416,-164.85419721755045
-106.71816629006895,124.33045960609391,-266.76824004586575,102.17030050628935,-164.85419721755045
-108.74598105813709,113.8426421676945,-263.0610202130869,99.97541193853893,-164.85419721755045
96.4002455179016,28.649000681760874,-31.464234824582007,124.99306679857874,-164.85419721755045
-104.4625158069273,122.08154702096056,-268.00011176598053,92.67992409950999,-164.85419721755045
8.266799557599503,96.86885604662979,-266.1837999499243,93.37477920525538,-164.85419721755045
-134.6170364541066,108.4888013980281,-266.3431253414254,91.0832996399318,-164.85419721755045
-165.42320391171822,68.13647576883682,-236.1204491873612,74.0300519187143,-165.42320391171822
-167.94883633683915,71.36284724158865,-247.75023825862002,69.34491406338854,-167.94883633683915
-115.44811654691343,124.82929138175034,-270.47941620588875,113.85821897693904,-167.94883633683915
-128.44753557834954,93.61864855853608,-229.85407575424048,107.23047430942074,-167.94883633683915
-153.8986464401315,102.00209920508995,-253.78335989035526,104.58592634185429,-167.94883633683915
59.55917835715304,100.49098949499131,-240.89335094286568,158.87024582754466,-167.94883633683915
-22.833376266607544,140.22674504507023,-250.04080859209435,135.98327974959707,-167.94883633683915
-41.02065007111982,119.11804192019626,-258.95940253047866,119.84774086376434,-167.94883633683915
-113.55972817151469,112.29736104911657,-262.8105928140862,89.5933108693852,-167.94883633683915
-33.53867812024843,142.3658876915578,-261.23360655013056,118.88425854971267,-167.94883633683915
-148.17874741510843,77.15562140018632,-228.16604939030236,100.43226116086215,-167.94883633683915
-143.84787106047574,101.26374193241477,-267.10337051649964,118.14304050127872,-167.94883633683915
-36.83234380125204,130.5281286571778,-259.46833245686855,109.65800264550042,-167.94883633683915
-145.2866569451504,102.0645382016406,-255.50123915873445,67.77939559747051,-167.94883633683915
-129.72415980905822,96.03405347532644,-268.0445311550493,92.20281455567448,-167.94883633683915
-31.386109977721755,141.3588774197621,-240.69368985309546,113.46999442036072,-167.94883633683915
-113.00637168972563,129.76230828550044,-257.1069435601922,126.01550533987925,-167.94883633683915
-65.37729945608817,138.5601688550651,-264.1276625257578,117.9675720285084,-167.94883633683915
-111.51519956791384,136.12378185799489,-268.30278460025767,118.21070308120724,-167.94883633683915
-66.7374054952037,111.85169396303236,-263.9815829636443,104.37469181021305,-167.94883633683915
-65.74848597380011,124.06451562486066,-264.9650951052937,108.32104726194157,-167.94883633683915
-64.67033211168324,128.30589896190406,-267.5944021824375,115.13015439292097,-167.94883633683915
-53.93622317020096,120.43685243266033,-263.8057386509114,113.50748557089955,-167.94883633683915
-21.334453542728294,117.50962130924272,-239.56833999728343,112.45905696321917,-167.94883633683915
-9.69882168738066,110.89672411422328,-272.7535772137409,100.3982008839891,-167.94883633683915
-79.30935199283734,133.47999183396385,-266.0997500736742,111.24378161967437,-167.94883633683915
-130.77848872577715,123.85761841682644,-261.282683600591,104.84022571971934,-167.94883633683915
-121.00686102761291,120.3952085601687,-269.4310342997895,114.32407290698892,-167.94883633683915
-97.92113254537861,137.17661535838621,-271.31406138295813,121.61434540162767,-167.94883633683915
-133.87170096095502,109.17728245677193,-264.86684507632634,124.95190667949727,-167.94883633683915
-23.52011966834137,130.60636649957638,-222.7617248504842,114.84142333689034,-167.94883633683915
-138.3125163532976,96.57886622237459,-249.82596089960958,94.26260853047674,-167.94883633683915
-100.25482439042625,137.82992288569906,-268.4331853433934,108.897222287984,-167.94883633683915
-79.07258091289981,137.25875053744176,-271.2955841478704,117.1951750963186,-167.94883633683915
-32.56213564341083,137.72569494548839,-267.51132397395514,118.4444706593983,-167.94883633683915
-127.92112092322022,102.96401950034544,-262.9216396986519,105.80833223619024,-167.94883633683915
-116.74636038516532,118.25768327836437,-243.59095476234089,117.14094048234142,-167.94883633683915
-145.330845004628,94.8071232519092,-245.84419596309473,112.01898570851918,-167.94883633683915
-59.628610693274304,125.31086295874373,-225.58121857405874,113.53178286674166,-167.94883633683915
-126.82554708865047,107.63587665943366,-250.32753329711997,93.3326714610514,-167.94883633683915
-129.1598243198568,108.91291087817036,-255.8506659375185,110.58040685063729,-167.94883633683915
-130.34409457014,116.1505774033996,-255.91121149911652,139.0276286686726,-167.94883633683915
-42.66959484072966,132.65160501889173,-260.776524500323,129.50127246536266,-167.94883633683915
-143.5561297089228,117.9939491680682,-268.9592745527394,117.83348788364141,-167.94883633683915
-17.749434255419608,102.04710702481314,-241.49595017519292,125.3137994474846,-167.94883633683915
-102.89859176154816,124.50633994837727,-263.2544746290684,118.58254446219013,-167.94883633683915
-87.85944116643519,128.52661649994312,-263.3899609330376,117.36100231781107,-167.94883633683915
-122.45710373444015,98.26455141394297,-259.02592618614574,107.12127236330277,-167.94883633683915
-154.08673235846595,81.25241348455143,-271.4567907830816,66.16684181897523,-167.94883633683915
-147.08617310517585,92.96103970158568,-263.3408965591744,96.15651191842701,-167.94883633683915
-87.73377953463118,137.54033118331793,-251.48794009819267,114.02414402769062,-167.94883633683915
-162.72526819964264,79.65789059328577,-250.05653030844974,36.96296342969457,-167.94883633683915
-53.486214588134324,124.26492118411329,-254.30730726517265,116.02665459143377,-167.94883633683915
-1.9051840441018573,127.43551711203907,-268.726528496617,126.8154763738894,-167.94883633683915
-77.25432984902189,136.99059795891407,-269.35252981685335,114.43023189738499,-167.94883633683915
-149.17616824875535,84.9154918864687,-269.4576843693558,86.17731592151003,-167.94883633683915
-154.42527092082398,76.56748570925801,-254.767171705942,40.30981412191073,-167.94883633683915
-123.78554870904203,108.87471820439595,-257.74534599567016,96.4462988450247,-167.94883633683915
-150.2760285217351,90.00098285585977,-265.5496058664952,84.91753111511878,-167.94883633683915
-123.07477791259004,119.6530007696711,-259.65099936734623,108.98903305259185,-167.94883633683915
-90.68115471466963,142.15638923968166,-253.7132493542269,143.09032855223276,-167.94883633683915
-113.06303148095358,131.73618376684232,-269.745479145839,114.84396391753884,-167.94883633683915
45.27897738686702,98.5584181872795,-246.63629380671702,116.65803031208699,-167.94883633683915
-114.79850187085403,118.00843021245119,-249.55217786891922,89.47520240415041,-167.94883633683915
-172.67919502260318,73.99438816986618,-264.7586449719713,58.608498746352126,-172.67919502260318
-107.93180507368407,120.86888978010218,-252.40041211436554,208.18259377199718,-172.67919502260318
-132.00257923083063,110.70243911611787,-264.57530750371063,107.92964242323329,-172.67919502260318
-125.92071036444958,111.48742148163304,-263.90132408075067,93.26357594283394,-172.67919502260318
-110.49511268498873,141.56801240346817,-268.82624840402866,118.85372887260455,-172.67919502260318
-144.30167990469852,77.9474640664907,-233.94503722370536,49.54552648751262,-172.67919502260318
-84.18531742602272,147.3968951969103,-262.96854830703205,116.41198074432978,-172.67919502260318
-146.22098869579585,91.93382049994435,-251.70678454577626,113.75387061933343,-172.67919502260318
-87.7175827222654,144.26855040128896,-267.56245950424886,114.29949396094487,-172.67919502260318
-92.92735550664307,136.13786826870125,-267.5208765002304,116.05677441987265,-172.67919502260318
-112.23915690553348,128.99957890945183,-261.9400650835838,114.42417755280323,-172.67919502260318
-117.29930371156239,122.84300008223923,-257.82432745490644,117.5878795105854,-172.67919502260318
25.354156901131123,143.2901173480417,-262.3732242552715,150.12830667832617,-172.67919502260318
-33.72188041493908,142.52718071093435,-272.6297298273982,120.14038536149678,-172.67919502260318
-73.3663680803322,149.67864909498476,-268.8496347829677,126.84143780286396,-172.67919502260318
-44.05363004825238,152.64233512023353,-268.69188660926375,119.34598625070694,-172.67919502260318
-86.17078589497359,139.3610992233724,-259.0529111827477,119.00129442154483,-172.67919502260318
-24.8536756111985,137.1370211762762,-261.8394314519585,121.43249610613688,-172.67919502260318
-18.726321288882957,144.62464350903304,-269.6107224937829,116.85475522640337,-172.67919502260318
32.98819332353648,101.65836166765136,-239.57971320654102,118.64810173463573,-172.67919502260318
62.76619795083312,112.32059649742666,-266.63412850844173,133.38337985723246,-172.67919502260318
84.51457732055654,36.14165055799677,-58.13334703282962,124.67937329406892,-172.67919502260318
83.92191817244567,71.23067642671894,-172.34374818664267,138.9201093967709,-172.67919502260318
-104.7895537000461,139.08686605693075,-267.2965722206504,123.78135341127913,-172.67919502260318
-10.038158310539046,151.8210884033858,-258.5127920713868,146.47508981468886,-172.67919502260318
-93.69626035689795,128.57516673733937,-265.30777582914294,123.88567616114167,-172.67919502260318
-9.666358546858188,145.38534264196412,-263.6262384119344,169.6656374435966,-172.67919502260318
-87.07657834984258,122.90874240839628,-254.04133435289424,145.02620586365728,-172.67919502260318
-32.16869923857122,152.64528478702437,-267.62802587299814,131.00295872864848,-172.67919502260318
-18.304220434519596,137.811228710408,-270.27412981240707,119.16717923843113,-172.67919502260318
-147.5856333085264,103.72375041373564,-265.1071422112028,118.80598143180944,-172.67919502260318
-55.926005843156354,149.63082131504345,-259.4074094343464,141.58233291358158,-172.67919502260318
-87.28525195974737,129.32249088885706,-264.25395518636606,93.04075873241916,-172.67919502260318
-87.53872072740224,147.62280538940712,-267.5161336356016,139.8920274315982,-172.67919502260318
-101.08412453548296,129.7080368570499,-241.5314593611509,134.76346307415406,-172.67919502260318
-97.60299006058868,121.37511932238215,-250.12248002995563,128.49872510741062,-172.67919502260318
-55.38707657550588,144.90095366578015,-259.2547151148317,117.79342665052287,-172.67919502260318
-87.12148512136997,138.68199698264746,-265.86014382170293,128.1579265085391,-172.67919502260318
-50.40504409060711,156.85161662234066,-263.918925475347,142.61476545305555,-172.67919502260318
-71.42875617183125,142.25598876404894,-264.45990346926914,116.6931706241668,-172.67919502260318
-31.45902081895519,141.60061934559138,-249.3245499463811,134.8085194849106,-172.67919502260318
-4.847675077092571,121.46571813730814,-264.2684857152429,117.4762934742128,-172.67919502260318
39.95956235051044,122.39233445538626,-260.5565721555974,124.40685669048148,-172.67919502260318
-34.0091964722786,154.00962900469997,-264.2489640086644,124.31459935177814,-172.67919502260318
-90.86090733203402,124.21463851876217,-241.85896523662655,119.20073278678207,-172.67919502260318
-72.38014111278198,141.00239939354992,-266.2475111331326,121.40405605537039,-172.67919502260318
-70.75477341342722,143.04369809437642,-270.9381497114033,113.90285009537484,-172.67919502260318
-9.47098407300498,138.81580391445652,-263.4687050665803,128.96143546467266,-172.67919502260318
-125.63738787427721,119.15058115354405,-261.37499076808183,107.86521143539244,-172.67919502260318
1.9924389747401403,137.34818333312577,-266.49789462762425,122.94933258381984,-172.67919502260318
-100.07838064091905,132.18823348748128,-260.94387902669166,111.40734349091244,-172.67919502260318
-144.98725397185845,96.18048005122606,-268.42573062939334,91.42330642140861,-172.67919502260318
-112.64051327321008,125.36568371623332,-266.762807062431,108.52179592319257,-172.67919502260318
-77.31663538406926,129.72802021591207,-264.9606858561147,119.6661771107596,-172.67919502260318
-15.827442324382591,140.32433547134295,-270.6476503370206,122.10581974948767,-172.67919502260318
-164.39092758613685,70.886085265796,-261.72780435323193,74.14367744217688,-172.67919502260318
-123.10276431122004,138.22176714685367,-263.2447266499653,140.74296916232686,-172.67919502260318
-57.12223841007321,141.50556020916952,-264.7581630902883,140.54260347650785,-172.67919502260318
-105.56642980619034,122.07514297000512,-262.66906595922615,121.04516249788352,-172.67919502260318
-91.7329068594808,120.50779778425206,-248.16391898114446,108.83164474297094,-172.67919502260318
-157.8635489770914,85.07750066651131,-263.33838542607066,70.97045726124303,-172.67919502260318
-130.73786969355203,114.57349539810572,-263.16668060464445,110.60280496595703,-172.67919502260318
-59.130164770601404,126.17031834925315,-208.08545938645025,140.0913174031784,-172.67919502260318
-165.88044403247125,74.15477550375569,-265.03687742492735,35.274654599662654,-172.67919502260318
-100.94358889627716,134.04462521220495,-264.42392134384016,126.46308551619651,-172.67919502260318
-61.60698264224081,147.46260634549287,-265.51690841250934,139.97608722196466,-172.67919502260318
-37.852161287161785,154.65339162298852,-268.67869492707064,138.19443581617674,-172.67919502260318
-47.19579351296841,142.00338859546454,-232.85258220211364,130.5385929380342,-172.67919502260318
-102.22908984913254,131.07949637812922,-264.5250698148189,119.05883974108988,-172.67919502260318
-134.25779479752632,106.53516970917472,-258.2583220629519,114.33775724982857,-172.67919502260318
-56.6802811324346,151.81495762503303,-264.3778043574752,130.64955626330433,-172.67919502260318
-105.59994173340277,134.9498117161098,-252.97151356556031,135.6912560107077,-172.67919502260318
-85.24572097513102,126.68809414283206,-223.11767540416025,128.32351003955404,-172.67919502260318
-122.27178586781747,119.54498058754338,-267.0260203180073,109.92438159562788,-172.67919502260318
-93.80235424814902,126.20492813081005,-261.9962581356294,126.80057599513015,-172.67919502260318
-14.13693420439513,154.1196553478321,-269.27636590160233,138.554033581495,-172.67919502260318
-137.80615676789793,101.55016198040691,-254.37541256877705,110.73681337346741,-172.67919502260318
-125.17444839077436,102.89306467669157,-264.53911548036444,94.19765618001883,-172.67919502260318
-45.87662123389254,143.3011299305517,-273.4048895184059,122.04680127729779,-172.67919502260318
-94.97974941121483,139.06517879038853,-269.423617137709,142.0115391150139,-172.67919502260318
-88.11178016795982,138.1199881433801,-269.2731211347819,113.3255602092604,-172.67919502260318
51.79279394108202,94.80367896977835,-232.17376860198024,138.98556453867948,-172.67919502260318
-64.24085543779613,147.92169015888697,-268.67208509370147,130.7877401794089,-172.67919502260318
-111.08132056399764,113.61466665585148,-255.8761239637333,148.50345582854166,-172.67919502260318
-64.63596444596436,138.9660621638641,-264.13231701397024,131.28418481632454,-172.67919502260318
-80.90688343538157,149.5472002817824,-267.27792418869427,125.55414588456333,-172.67919502260318
11.238351249211563,123.49934316594583,-265.72866501898557,119.19492845135758,-172.67919502260318
-50.43197111999572,146.71617822235405,-272.8607110571138,120.88949921816506,-172.67919502260318
-23.43227174900095,147.91642940389087,-269.31953379681494,115.75594065132789,-172.67919502260318
8.583430728054664,137.6435038001619,-269.78324579701206,125.16553386480128,-172.67919502260318
-95.88573746059052,137.11793852734448,-268.1044843444729,115.40113095550772,-172.67919502260318
5.8231084617446776,124.95152239454133,-266.6604966053079,120.58211112567415,-172.67919502260318
-92.7132710718642,136.04161880782394,-260.16834720252183,118.22623104290949,-172.67919502260318
-96.9372162539872,136.80077413865993,-263.6462909323518,113.98107550356028,-172.67919502260318
-21.41789150354641,143.49387542665752,-270.01530771419374,122.65332342953606,-172.67919502260318
-92.25734953736873,136.1075819444368,-267.3199009876079,120.35494492448626,-172.67919502260318
-144.42931569274748,90.73369380103028,-236.5376051827478,105.87266136063043,-172.67919502260318
-95.71732653430834,108.01200971770996,-238.08952699388422,119.4606075746871,-172.67919502260318
-88.50673028430188,127.65776961315149,-255.95914648503464,109.93311492267867,-172.67919502260318
-146.44592995419623,104.81805815890529,-263.856712755816,117.99005953272555,-172.67919502260318
-101.46093586367738,131.320543224879,-265.6140683746178,114.38991260561285,-172.67919502260318
-42.191706698614816,133.02124376190795,-266.8638437617501,115.76682233350539,-172.67919502260318
-19.0046829380053,136.64002002320652,-267.1141914502488,129.8230060505109,-172.67919502260318
-151.51016136814803,82.98516350170009,-264.64694079969763,50.84675998350298,-172.67919502260318
-109.06506546670668,128.6319554837742,-266.1017809449089,120.65625628984641,-172.67919502260318
-106.35737174780022,119.35000871617815,-254.5771091973989,120.01386063025953,-172.67919502260318
-123.05462311763128,109.4178349937251,-259.86257028010624,94.2978744145953,-172.67919502260318
-148.75782421136546,85.70069609136458,-240.21746770803745,106.32331628025727,-172.67919502260318
-76.61441519048924,109.261547777085,-252.45003514632165,105.73072557989715,-172.67919502260318
-78.63864726453848,130.30861442977138,-257.17020932308355,111.78247850984536,-172.67919502260318
-94.9443396610993,130.66742826730757,-262.8200769618286,109.83231603858268,-172.67919502260318
-158.46245589257828,97.36992187236164,-251.31351520018148,113.07889663760815,-172.67919502260318
44.20724227941581,99.11949361248956,-262.2904278614908,123.35262056066578,-172.67919502260318
-19.31695503515998,146.87130543272914,-264.6646968119399,120.19713599005343,-172.67919502260318
-36.6315870248008,145.09577271237976,-265.0434741622763,149.77454725913807,-172.67919502260318
-78.06389554170046,130.71734404712043,-247.96572751358912,104.25820601781953,-172.67919502260318
-132.01017481845332,95.42862437265158,-256.1076367105705,69.7386615009107,-172.67919502260318
-43.587719319347144,136.78428848415965,-270.2373115163851,114.10365323846507,-172.67919502260318
-39.283507206682586,133.20824052923945,-266.05918520753403,121.86747706610375,-172.67919502260318
-64.04345587722291,144.46563740769182,-265.90404631957415,111.48161334570226,-172.67919502260318
-44.612642708712585,146.95455232357568,-267.6563210930279,118.87341329663322,-172.67919502260318
-66.60816492401402,143.9276762108808,-264.0601344245525,135.95715127798698,-172.67919502260318
-57.98085132258105,157.02314761977928,-264.0582783527748,123.36919845826328,-172.67919502260318
-69.00840851384926,143.4592017396655,-265.07129567086764,116.49712771997247,-172.67919502260318
-77.89517628285641,148.82240004029907,-270.60502092702507,115.01837663422396,-172.67919502260318
-113.34792520428337,137.42911753664222,-266.25055694522416,115.97308188599182,-172.67919502260318
-57.32283175198295,139.36040702455097,-268.1929040835209,123.47144362475953,-172.67919502260318
-74.82295704620792,141.98628404218496,-266.4839643149736,119.97614822580049,-172.67919502260318
-102.72200673306583,123.4316523123307,-247.86973494616333,108.32773339489972,-172.67919502260318
57.608294310865666,113.22165084956836,-267.8960409048315,130.83351823443343,-172.67919502260318
-34.71209645924179,130.7896197000909,-269.0655746280036,117.16492849165687,-172.67919502260318
38.880459956323904,127.87446021548746,-264.99053068020726,140.43343399897276,-172.67919502260318
-29.098250425240717,136.48266047044308,-257.85094787387305,119.42667385944851,-172.67919502260318
-27.532328480344532,131.8155037818259,-263.73839149621034,133.06856062187055,-172.67919502260318
-103.53787579408225,139.89696993550638,-265.854164399572,123.45153259902031,-172.67919502260318
-85.19976893831729,138.1107013097036,-265.858902658912,110.44951316350024,-172.67919502260318
-84.04925832933375,129.54710763739436,-262.7579369678145,122.96761388275941,-172.67919502260318
-74.46907458984555,148.55345880635969,-272.20772123886746,116.216363576818,-172.67919502260318
-81.10033338801674,127.14084117836481,-242.55008140029616,126.65938046633481,-172.67919502260318
-52.40423133465883,147.086344739753,-273.9897283288882,122.30148720678687,-172.67919502260318
-65.96697187517857,128.9511307525432,-263.09624462596855,135.32255142640824,-172.67919502260318
-25.810299963677906,136.4860931710278,-263.34313625578716,127.07795086510973,-172.67919502260318
-104.74281910343805,146.2105838400317,-268.0591018178835,117.15346751511501,-172.67919502260318
2.455783033729125,140.46848077121794,-268.65990711071123,120.11369874323624,-172.67919502260318
-40.222187085180266,149.8254314932553,-267.9246895086083,127.1899573569925,-172.67919502260318
-101.61567093597155,144.7123793554055,-270.1427674360523,118.37825159847517,-172.67919502260318
-64.93582009662946,141.78075472836974,-271.2014500700221,116.9788382326514,-172.67919502260318
-51.853966926777076,136.10611097970872,-268.42270829753807,105.33215642862528,-172.67919502260318
-141.66875109712123,106.65844029407728,-266.0366320179855,93.26862318131049,-172.67919502260318
-128.18766067755556,134.67025958574274,-263.42001880714696,126.15313727997878,-172.67919502260318
-161.1700239604196,97.60123677332528,-265.48998490488617,71.13922060732901,-172.67919502260318
-123.83632050220564,112.81495456771047,-268.4902426553978,114.13911268110377,-172.67919502260318
-50.63125163539983,150.78633409183138,-268.6545104785038,153.31694883321762,-172.67919502260318
-13.467366206149357,125.27308372286262,-273.63619566347654,121.99243734773312,-172.67919502260318
-132.8711023336772,106.45220183412478,-271.9563051807934,151.5767010941709,-172.67919502260318
-117.45112249295806,107.62469603531447,-257.98202091830814,94.55849284565977,-172.67919502260318
-164.56359769454227,75.9038547618849,-263.14352817849476,54.85624174553102,-172.67919502260318
-76.30107136752056,148.33001694569052,-271.60012210586115,131.94140442193114,-172.67919502260318
-97.66721566646004,136.366260184243,-270.5238534973486,98.6298796125352,-172.67919502260318
-131.42965479952434,125.73091947589842,-272.22455085851584,116.4497319412385,-172.67919502260318
-117.12163069894842,123.52694697279634,-266.93398635974404,117.83997405477304,-172.67919502260318
-54.894273498913016,153.09691536444745,-270.850682244714,134.77668745446292,-172.67919502260318
-24.36459887794081,152.39335642793722,-275.84921836194974,124.43170386135387,-172.67919502260318
-107.40019841702417,131.9656337633537,-271.5204138109835,114.05966683396451,-172.67919502260318
-138.07586625992943,109.34272533057734,-260.6611892559995,103.17390188937927,-172.67919502260318
-126.7599458347578,129.0035259000266,-268.2204913948397,113.04202377680546,-172.67919502260318
-139.0223850968749,120.84623902605396,-266.56883888868884,132.523593265385,-172.67919502260318
-119.46578722788179,123.92498114391758,-268.53304783219414,114.64807265369342,-172.67919502260318
-92.91148316794265,140.12807542371306,-260.76133201869425,158.77514621379163,-172.67919502260318
-138.60060667417267,116.98415898483344,-256.9489241854994,141.36583028153223,-172.67919502260318
-49.72181568067925,145.8471083479327,-267.0520007898406,129.64416406138295,-172.67919502260318
-140.12955264555293,93.94878235362664,-246.53394172882608,130.05218870168713,-172.67919502260318
-50.08897944909197,131.59976243152187,-268.82928805153983,109.11088977410994,-172.67919502260318
-62.29026679111059,141.54975171103817,-264.73457386812134,114.62152592240497,-172.67919502260318
-112.87502907841696,127.607037083372,-263.54004653574293,133.34280158680883,-172.67919502260318
-167.49229712633561,89.60621241460166,-262.2791508310107,92.4770195806594,-172.67919502260318
-45.92703640893548,121.40653841756362,-248.62979875683456,113.88090490697216,-172.67919502260318
-21.646224373958525,139.91205318283446,-265.2676181734109,112.5615374139116,-172.67919502260318
-58.90774182689742,129.26585331362242,-262.84625970854177,118.50184977707089,-172.67919502260318
-70.53940649167868,136.8731484683767,-268.77293528691104,119.92063428910747,-172.67919502260318
-116.00287989149335,128.66705130545677,-261.3157674862055,115.5202931398994,-172.67919502260318
-161.61631928273772,79.13892663147494,-243.16729604910577,89.01259473846144,-172.67919502260318
-157.6109420826161,79.77411468768022,-238.09756536984673,68.65982510866387,-172.67919502260318
-68.34087649911967,127.51953319692416,-251.14861033378045,109.42890995189543,-172.67919502260318
-125.05658477065442,123.78000908782295,-258.27130689824145,135.81870288778262,-172.67919502260318
-80.08653440424266,135.40715295421109,-265.1779975262071,123.8230833359818,-172.67919502260318
-2.0119625506557473,142.68424176713583,-267.64608547820194,123.07950574201703,-172.67919502260318
-97.56464460559455,150.0942486399571,-260.50511848174364,124.3156446987083,-172.67919502260318
-135.77815122090212,120.43781054043612,-268.03678992340787,93.71940885901967,-172.67919502260318
-117.32840007324401,139.56332137003008,-263.42046245836053,135.0347830224042,-172.67919502260318
-47.146524406207625,137.14368643061354,-253.62820782701985,117.63953962220707,-172.67919502260318
-91.10578606495197,142.98722557593175,-263.66056544772897,115.97168642060157,-172.67919502260318
-124.04102201426379,112.71314191320543,-255.55199464675624,90.17296676667095,-172.67919502260318
-148.57767565921523,82.77416229154916,-232.29178509941275,128.89757278393853,-172.67919502260318
-27.073881744598133,128.91792567401018,-248.57395327353157,150.50292118905097,-172.67919502260318
-67.750668453237,131.01113008297824,-265.4067104443965,111.22558901693988,-172.67919502260318
-67.79670937371061,132.7282323879044,-261.3607235203689,92.50294861056375,-172.67919502260318
-114.14894275146624,124.91443712853646,-261.5978030233255,110.00901605966615,-172.67919502260318
-160.0578377808257,89.33321888585519,-268.76352738697585,110.20209231503743,-172.67919502260318
-126.67129438565365,137.72829765626264,-266.4534816940771,141.42286090397914,-172.67919502260318
-124.77023914980948,117.4897485956368,-253.57963151521432,134.91415519082003,-172.67919502260318
16.506664442638904,142.07124384877153,-264.54464450057515,136.99934898433736,-172.67919502260318
-77.40010984562856,137.04677070657274,-237.15247554071627,139.76425758099487,-172.67919502260318
-103.37829855917957,126.75783502908286,-270.3660995282196,127.05380045435454,-172.67919502260318
-102.45525964195546,134.76224709287632,-266.36207130026105,125.93206879674281,-172.67919502260318
-74.20246318749108,136.10693346132126,-270.1586566589624,122.3933469082685,-172.67919502260318
-126.19792601064142,122.04778268428011,-266.83559890011924,111.7415574899091,-172.67919502260318
-93.19531352170607,136.047907835909,-265.4889120703104,130.15153350833776,-172.67919502260318
-142.6116213691027,99.37094523759393,-257.3262380449847,97.44302321804787,-172.67919502260318
-144.7042217745434,98.33142129469664,-264.84478266259913,110.43446744645506,-172.67919502260318
24.523243182003473,112.97198002379277,-249.70474310058043,124.1583627641207,-172.67919502260318
-22.83655424406195,130.70938825095433,-264.9834621199019,100.55433831047432,-172.67919502260318
-107.6904117366676,121.10325847277586,-262.08098347919855,91.59357406955561,-172.67919502260318
-100.20544303767211,119.38338740702329,-260.2919256207112,95.68000422649256,-172.67919502260318
-131.76400000526496,104.17507264408857,-262.35375807120977,90.30907303998319,-172.67919502260318
-168.15783987167657,71.58103351433694,-250.62856536685112,59.520272725356854,-172.67919502260318
-102.4129310444105,126.16841506745816,-262.82689698468323,130.89814355079028,-172.67919502260318
-137.56484788083804,95.749100469692,-258.9412017691523,86.0777421793168,-172.67919502260318
-140.9753637419504,110.93983381047937,-261.56240684850025,96.0723423119415,-172.67919502260318
-100.89627116004873,119.30906713180724,-260.6531732349624,121.72685530286945,-172.67919502260318
-92.97587321664432,139.74665113970207,-264.017911668567,143.42391799173544,-172.67919502260318
-76.55451370545606,143.7995527856158,-267.5848565982651,119.12617758389422,-172.67919502260318
-44.08001157956398,123.62690973466368,-264.59620214708906,111.41562158935449,-172.67919502260318
-55.38049077408474,137.737751613906,-262.56194946495646,131.8604457755872,-172.67919502260318
16.25522128412422,110.8823777799609,-270.14335097425885,110.68640244319681,-172.67919502260318
7.162686372641023,110.2703920199059,-264.2005866433308,134.17840032214633,-172.67919502260318
-144.45866910913574,99.62525082613729,-264.7447691291079,92.12467973418323,-172.67919502260318
-68.62734706189237,131.54741082402379,-267.6846290324841,120.42552333045846,-172.67919502260318
-69.83352202582044,136.98538345503383,-264.0342551106997,101.52952126882583,-172.67919502260318
-13.880051088772865,133.47280912363024,-263.8751020487279,111.91864722635609,-172.67919502260318
-79.6420453091921,137.09520153531878,-268.1246274102929,131.12574159746052,-172.67919502260318
-153.03672752322893,111.14751805839028,-262.5542157223085,105.11826005999552,-172.67919502260318
-147.6206632806589,107.10742016445214,-260.9497193288474,87.30576331632165,-172.67919502260318
-132.86713833894484,115.30311366603999,-263.4383290595259,130.0783646748329,-172.67919502260318
-93.89635368715676,119.72033179745088,-254.75852334638358,102.85426328803578,-172.67919502260318
-88.5997221580261,143.3119798747595,-265.87366676715783,120.95975335565713,-172.67919502260318
-48.97000261828091,125.43800336824702,-266.6567674759287,111.78073272649753,-172.67919502260318
-85.14073575957828,133.0132140743343,-264.92207177301805,123.92065059359126,-172.67919502260318
-75.27419729778113,145.99297775703909,-262.95515055578795,146.00156174982783,-172.67919502260318
16.766166410842516,118.58548398730453,-239.4347158010361,117.75405643805753,-172.67919502260318
35.983985464465114,113.91165315104158,-223.86248654921815,134.74670077383539,-172.67919502260318
22.201220057697313,91.62967641916487,-225.96625628679377,138.54074639499896,-172.67919502260318
-114.40357373257653,132.29512819653198,-251.8006481164464,142.3368041854461,-172.67919502260318
-101.39888553656303,127.03802593158906,-252.3382411045634,140.33860819012762,-172.67919502260318
-137.1632404756134,119.99070022923777,-261.3277093624763,141.11775623798303,-172.67919502260318
-62.720279269054885,132.05706143858103,-269.50013795542185,116.75692037139211,-172.67919502260318
-72.05035944019177,141.79963420106978,-265.11240142130504,94.18088037774974,-172.67919502260318
-150.62985058582,86.3843390833739,-224.15484104110558,93.35103471778301,-172.67919502260318
-89.90584997088877,132.63932996784487,-260.9833720400939,113.60982785429182,-172.67919502260318
-3.9290731286409843,136.80175985801452,-268.13276322645106,130.58313084166545,-172.67919502260318
-23.19517791754764,142.37226446125015,-266.4705754085504,129.95942922975908,-172.67919502260318
-15.721712681097525,134.5620378040226,-266.81015981872025,140.32031289374981,-172.67919502260318
73.0041413860871,92.88521528229245,-259.51061409496646,134.67426613551726,-172.67919502260318
-78.22875833656741,133.68563039833373,-256.97660040054734,111.79704833820657,-172.67919502260318
-45.74037149461479,142.84869196528385,-266.9702696986727,126.52419984681553,-172.67919502260318
-25.917932563440363,120.83456776202698,-263.38741407591414,134.5252109668163,-172.67919502260318
-24.16668743384506,147.4301244800461,-269.28731550877814,125.17970127560594,-172.67919502260318
-120.72205336367932,112.78615855330781,-257.4109842597661,71.60896045669902,-172.67919502260318
-60.68912576563842,148.27071608470115,-267.5151620137327,134.45126061144018,-172.67919502260318
-70.4691021326808,142.89020739411617,-262.374569281386,121.04838639901509,-172.67919502260318
9.348732552721275,135.5126835497462,-270.9093115957117,132.22825677925917,-172.67919502260318
-102.6966902357507,134.8671402756764,-263.59065330386153,123.91635587590606,-172.67919502260318
-48.903047240483474,147.57407199977234,-236.51111197365807,137.96152436182754,-172.67919502260318
-15.0015802433916,149.18972740721316,-252.54532461294903,140.20267865530167,-172.67919502260318
-151.27859534224774,102.6777828766003,-262.94010644428886,112.54147342742179,-172.67919502260318
-96.99976806082056,129.1513718521359,-258.34485790451635,97.76798514409477,-172.67919502260318
-113.00399305289372,141.00231314688,-254.3147335176822,140.7555915356094,-172.67919502260318
3.4084124828156632,157.2156685479272,-267.0170011718848,144.94221505345112,-172.67919502260318
-93.75806837364993,130.90239933154615,-251.0268381897001,124.48058155996947,-172.67919502260318
-9.001603546041801,132.98083230315814,-265.5017472874491,129.27514275812908,-172.67919502260318
-145.77585510705052,103.81150874035079,-251.84194444152155,126.59169641373263,-172.67919502260318
-87.41289918374889,126.16572817618012,-263.17874794654495,118.00255294879526,-172.67919502260318
-135.321441891874,123.32154945703776,-267.19219272554017,129.2066164187983,-172.67919502260318
-136.87932476464124,112.31849594443348,-250.89657537666994,97.83784641906188,-172.67919502260318
-86.66679576502212,135.30018048121585,-267.92815893905635,107.3367885411694,-172.67919502260318
-68.1244630306529,138.04669619070626,-262.9786494548098,109.07558329562593,-172.67919502260318
-123.52202916453322,124.78151009887051,-262.16533962450865,124.68512239470564,-172.67919502260318
-20.382574489879737,138.9190742195945,-267.42042701267536,130.5283670720694,-172.67919502260318
-27.976684799866202,136.05882163174803,-269.00599317230063,134.6659184576509,-172.67919502260318
-78.68162099441912,150.1628728990689,-265.86065166153134,141.75300268261628,-172.67919502260318
-119.37896122068771,124.22929086543982,-267.38717707336446,127.21683925762096,-172.67919502260318
-2.627456514762997,132.388135651771,-268.697413209975,128.00123959327877,-172.67919502260318
-96.6626159937388,118.7243742021053,-246.30112139968273,131.7483183930036,-172.67919502260318
-107.16941409412075,124.35970297660789,-261.13940093725853,99.95593074810182,-172.67919502260318
-51.873406210878976,139.25013268145443,-267.58892866528,136.89376029660457,-172.67919502260318
-35.330712212266654,135.2634591226092,-270.3521775391087,132.58178671938148,-172.67919502260318
-50.75669290603955,156.1963257220031,-267.61674466634526,118.83624856423272,-172.67919502260318
-119.0002300655288,136.7374567277916,-265.1472093936471,129.11351806232227,-172.67919502260318
-24.613440474543054,154.11645483434827,-265.05953990815584,126.99396444383768,-172.67919502260318
9.222509295707768,135.9467614076966,-268.9908954764092,130.41156363351533,-172.67919502260318
4.1308179870614605,123.48751954012302,-253.49730828056408,144.39769965068177,-172.67919502260318
-60.770718026636274,153.0902304909398,-256.0984130431636,133.1969896099826,-172.67919502260318
-10.679980414998786,122.65674990941329,-269.5088854375073,129.19877736134688,-172.67919502260318
46.08666893247364,102.98735029429012,-273.5707883102984,131.2294816904447,-172.67919502260318
-66.14944469812215,149.76923659116713,-265.1331154711111,130.19740423636023,-172.67919502260318
-55.70740192343682,142.09374273334814,-252.2870604337788,134.31790553176262,-172.67919502260318
-104.06486569721491,127.11142800045117,-260.8776331695889,102.34727858702253,-172.67919502260318
-118.89444041526366,111.01494623062574,-248.60695464033054,122.38698749965391,-172.67919502260318
-122.58396943682982,126.7612481015798,-265.2207287505692,135.26748070277694,-172.67919502260318
-120.54728574698477,118.62800092359163,-261.6378276778976,77.22148740104981,-172.67919502260318
-158.51916122416677,94.72181543298963,-257.8021343943523,94.82501051463369,-172.67919502260318
-143.82948103279745,111.94318281546687,-257.11454277496085,120.24317157853784,-172.67919502260318
-29.50190527462966,157.21399999792737,-264.1018734162591,136.7989471419374,-172.67919502260318
-86.3263738583323,139.00536239364428,-261.1179499075259,142.6882237457336,-172.67919502260318
-52.78892456498469,142.10272258101844,-264.96627440108915,127.67833740289035,-172.67919502260318
-124.08423989831398,124.46909464576171,-265.8622874580789,109.16013038195258,-172.67919502260318
-117.42682697600429,137.75439920054455,-258.74080694326705,151.86531704816156,-172.67919502260318
-125.50919742359338,130.26961418958177,-266.2991758594708,97.46840001572686,-172.67919502260318
-138.03192922685298,98.1580107959206,-251.7235696768997,100.90475141225289,-172.67919502260318
-121.84426161912296,123.46813965820786,-265.95599872257634,108.52409310684128,-172.67919502260318
-153.26988828343917,96.04654610612815,-260.4474100602758,73.78426834503558,-172.67919502260318
-119.77046495614312,126.76809741179164,-265.54207319382266,99.99334202479749,-172.67919502260318
-115.85577647167219,115.66943894980145,-253.41382865789416,123.48590441092975,-172.67919502260318
-33.762978605042555,139.03387610009702,-269.0934946830473,125.13113907217583,-172.67919502260318
-68.7491785328216,140.52939432348924,-271.8514736103381,137.7528533725021,-172.67919502260318
-17.419622383673627,123.86817375920235,-266.8745252307763,107.71200665673099,-172.67919502260318
-103.38973990416156,134.07388927183436,-263.1131572242242,144.79798149759137,-172.67919502260318
15.398925049146271,114.92020956341496,-236.94657568498602,131.6218667316607,-172.67919502260318
-123.57014209187784,120.49985678120291,-259.6284814920921,150.8959805735438,-172.67919502260318
-156.33503814524232,96.66666932311007,-260.7951985620083,75.03635481531188,-172.67919502260318
-154.8379207774016,96.06903404797515,-255.12272843875328,44.604093874249706,-172.67919502260318
-20.808110061325475,153.09926993070778,-267.74877676638926,137.61077977516425,-172.67919502260318
-93.93304023621741,125.4514014045463,-257.74378498698985,133.50853759272883,-172.67919502260318
-13.149361442715206,124.93266524431024,-271.6563357069626,110.23877392842616,-172.67919502260318
-72.52152289001835,136.88606874873412,-261.89426734797263,143.79141762945386,-172.67919502260318
-136.52974969613277,123.96608869225207,-260.2561970594597,136.342577272083,-172.67919502260318
24.501065145553778,115.67863949088624,-245.24696301928157,146.01654896367216,-172.67919502260318
-101.35868327745078,129.0855146811864,-257.79118008789277,142.1556867565288,-172.67919502260318
-120.54702180185713,113.8499394311953,-248.71651899950703,116.57690800021895,-172.67919502260318
-80.27941453172797,151.75785840736643,-260.8112502892596,133.77065991443317,-172.67919502260318
-9.127420544825956,121.12403400269741,-259.2749389906754,108.53443167986916,-172.67919502260318
