mean_eval,median_eval,pop_best_eval,best_eval,worst_eval,no_envs
83.66815185546875,110.28289031982422,11.993809700012207,11.993809700012207,115.6678237915039,36
86.0971450805664,109.27349853515625,11.33089828491211,11.33089828491211,115.69241333007812,36
86.6321792602539,113.10086822509766,2.789823293685913,2.789823293685913,127.25057983398438,36
93.24715423583984,111.95695495605469,6.8427886962890625,2.789823293685913,128.0472412109375,36
82.91525268554688,114.33265686035156,8.537421226501465,2.789823293685913,128.0472412109375,36
101.2044906616211,114.64396667480469,14.759574890136719,2.789823293685913,128.2355499267578,36
77.3956298828125,112.83822631835938,4.613028049468994,2.789823293685913,128.2355499267578,36
91.57463073730469,106.653564453125,9.025943756103516,2.789823293685913,128.2355499267578,36
87.18101501464844,114.07836151123047,6.353830814361572,2.789823293685913,128.2355499267578,36
79.01504516601562,102.76904296875,14.899678230285645,2.789823293685913,128.2355499267578,36
55.0378532409668,29.09286117553711,4.295934200286865,2.789823293685913,128.2355499267578,36
80.65812683105469,101.31385803222656,11.606882095336914,2.789823293685913,135.76766967773438,36
74.34046936035156,106.09265899658203,6.2680206298828125,2.789823293685913,135.76766967773438,36
70.97441101074219,106.09988403320312,9.95093059539795,2.789823293685913,135.76766967773438,36
71.0363540649414,106.31378936767578,8.319265365600586,2.789823293685913,135.76766967773438,36
66.9437026977539,38.37660598754883,8.655932426452637,2.789823293685913,135.76766967773438,36
85.12446594238281,109.37792205810547,11.069414138793945,2.789823293685913,135.76766967773438,36
49.37932205200195,27.100374221801758,8.584199905395508,2.789823293685913,135.76766967773438,36
51.54084014892578,21.48657989501953,6.541402339935303,2.789823293685913,135.76766967773438,36
75.82780456542969,94.97234344482422,7.370731353759766,2.789823293685913,137.67762756347656,36
81.6807632446289,104.34070587158203,4.74119758605957,2.789823293685913,137.67762756347656,36
48.3812370300293,27.44645881652832,1.0945918560028076,1.0945918560028076,137.67762756347656,36
87.44580841064453,107.14697265625,8.058304786682129,1.0945918560028076,137.67762756347656,36
81.0598373413086,111.37954711914062,13.176297187805176,1.0945918560028076,137.67762756347656,36
55.7126350402832,31.192502975463867,11.732586860656738,1.0945918560028076,137.67762756347656,36
73.01995849609375,103.16015625,16.22136688232422,1.0945918560028076,137.67762756347656,36
57.403926849365234,37.258880615234375,17.543621063232422,1.0945918560028076,137.67762756347656,36
68.75028991699219,40.23556900024414,9.811039924621582,1.0945918560028076,137.67762756347656,36
47.560672760009766,32.772674560546875,11.139241218566895,1.0945918560028076,137.67762756347656,36
72.2115707397461,101.6675796508789,14.774115562438965,1.0945918560028076,137.67762756347656,36
66.93820190429688,46.56345748901367,4.957882404327393,1.0945918560028076,137.67762756347656,36
61.903350830078125,30.371601104736328,8.892938613891602,1.0945918560028076,137.67762756347656,36
57.683692932128906,30.053821563720703,1.09470534324646,1.0945918560028076,137.67762756347656,36
65.37054443359375,48.751670837402344,11.02171802520752,1.0945918560028076,137.67762756347656,36
75.27043914794922,104.02011108398438,12.354101181030273,1.0945918560028076,137.67762756347656,36
56.225975036621094,33.30265426635742,10.573623657226562,1.0945918560028076,137.67762756347656,36
85.87881469726562,103.48341369628906,19.005050659179688,1.0945918560028076,137.67762756347656,36
30.460098266601562,28.251909255981445,7.50743293762207,1.0945918560028076,137.67762756347656,36
54.972415924072266,29.956819534301758,6.518712520599365,1.0945918560028076,137.67762756347656,36
34.11305618286133,30.67852020263672,10.198524475097656,1.0945918560028076,137.67762756347656,36
34.58565902709961,29.094337463378906,7.27841854095459,1.0945918560028076,137.67762756347656,36
41.917266845703125,34.2448844909668,6.414893627166748,1.0945918560028076,137.67762756347656,36
39.125999450683594,21.558887481689453,3.592904806137085,1.0945918560028076,137.67762756347656,36
44.88679885864258,29.302160263061523,2.6451375484466553,1.0945918560028076,137.67762756347656,36
82.6003646850586,102.0500717163086,14.913415908813477,1.0945918560028076,137.67762756347656,36
41.17072677612305,25.905927658081055,6.240903854370117,1.0945918560028076,137.67762756347656,36
47.79005432128906,29.40890884399414,5.903512001037598,1.0945918560028076,139.61849975585938,36
50.456600189208984,28.726970672607422,5.103210926055908,1.0945918560028076,139.61849975585938,36
33.63603210449219,30.085792541503906,10.799870491027832,1.0945918560028076,139.61849975585938,36
63.348445892333984,43.03867721557617,4.410865783691406,1.0945918560028076,139.61849975585938,36
57.754154205322266,33.3621826171875,17.09380340576172,1.0945918560028076,139.61849975585938,36
81.0469741821289,100.8983154296875,16.052001953125,1.0945918560028076,139.61849975585938,36
45.18635940551758,26.303646087646484,6.499377727508545,1.0945918560028076,165.31991577148438,36
32.90611267089844,24.706953048706055,10.96859359741211,1.0945918560028076,165.31991577148438,36
73.64554595947266,108.69499969482422,10.215433120727539,1.0945918560028076,165.31991577148438,36
37.1796989440918,30.91122817993164,12.28790283203125,1.0945918560028076,165.31991577148438,36
33.50836944580078,25.418806076049805,11.336243629455566,1.0945918560028076,165.31991577148438,36
44.63636779785156,25.53940773010254,9.667206764221191,1.0945918560028076,165.31991577148438,36
67.84728240966797,97.42431640625,10.795439720153809,1.0945918560028076,165.31991577148438,36
58.89808654785156,34.1821174621582,14.180347442626953,1.0945918560028076,165.31991577148438,36
75.0335922241211,99.19708251953125,3.923682928085327,1.0945918560028076,165.31991577148438,36
47.046669006347656,28.525197982788086,6.947244644165039,1.0945918560028076,165.31991577148438,36
59.547367095947266,33.53324890136719,1.9470603466033936,1.0945918560028076,165.31991577148438,36
56.44011306762695,37.51267623901367,6.355172157287598,1.0945918560028076,165.31991577148438,36
46.8272590637207,29.017093658447266,8.159404754638672,1.0945918560028076,165.31991577148438,36
68.66956329345703,106.46196746826172,9.58098316192627,1.0945918560028076,165.31991577148438,36
44.2378044128418,30.85494041442871,7.457889556884766,1.0945918560028076,165.31991577148438,36
47.6874885559082,33.269657135009766,6.2067413330078125,1.0945918560028076,165.31991577148438,36
51.24616241455078,29.89415740966797,4.551047325134277,1.0945918560028076,165.31991577148438,36
59.1259765625,33.434566497802734,8.660744667053223,1.0945918560028076,165.31991577148438,36
36.436988830566406,30.006591796875,6.46460485458374,1.0945918560028076,165.31991577148438,36
39.0316276550293,20.7451171875,8.335344314575195,1.0945918560028076,165.31991577148438,36
83.81815338134766,103.71378326416016,4.09855318069458,1.0945918560028076,165.31991577148438,36
77.2852554321289,102.36626434326172,12.503451347351074,1.0945918560028076,165.31991577148438,36
50.964515686035156,36.501129150390625,16.738035202026367,1.0945918560028076,165.31991577148438,36
66.2116928100586,50.4853401184082,12.144908905029297,1.0945918560028076,165.31991577148438,36
66.38343811035156,48.9123420715332,15.257938385009766,1.0945918560028076,165.31991577148438,36
50.431236267089844,30.138925552368164,3.4224164485931396,1.0945918560028076,165.31991577148438,36
55.249488830566406,31.406532287597656,7.176119327545166,1.0945918560028076,165.31991577148438,36
47.016944885253906,30.467071533203125,14.79545783996582,1.0945918560028076,165.31991577148438,36
56.690345764160156,32.940616607666016,6.105889320373535,1.0945918560028076,165.31991577148438,36
35.218833923339844,26.604822158813477,10.750984191894531,1.0945918560028076,165.31991577148438,36
53.862144470214844,33.28557205200195,9.780583381652832,1.0945918560028076,165.31991577148438,36
34.13080596923828,28.357341766357422,8.186945915222168,1.0945918560028076,165.31991577148438,36
27.962024688720703,25.400230407714844,8.57599925994873,1.0945918560028076,165.31991577148438,36
48.51752471923828,27.69959831237793,10.716508865356445,1.0945918560028076,165.31991577148438,36
45.53065490722656,28.895076751708984,-1.5297406911849976,-1.5297406911849976,165.31991577148438,36
62.318607330322266,40.701045989990234,10.62579345703125,-1.5297406911849976,165.31991577148438,36
37.006591796875,33.44511795043945,11.369705200195312,-1.5297406911849976,165.31991577148438,36
42.47109603881836,34.32648468017578,6.157680511474609,-1.5297406911849976,165.31991577148438,36
56.27524185180664,38.56698989868164,9.2002534866333,-1.5297406911849976,165.31991577148438,36
43.279640197753906,34.795127868652344,10.181204795837402,-1.5297406911849976,165.31991577148438,36
43.28193283081055,28.472551345825195,-23.019269943237305,-23.019269943237305,165.31991577148438,36
48.90703201293945,28.350828170776367,7.804924964904785,-23.019269943237305,165.31991577148438,36
60.8033561706543,38.83642578125,14.658157348632812,-23.019269943237305,165.31991577148438,36
54.82398986816406,40.98748779296875,18.50530433654785,-23.019269943237305,165.31991577148438,36
33.894596099853516,28.828210830688477,-2.47174334526062,-23.019269943237305,165.31991577148438,36
34.89582443237305,27.23314666748047,2.466245412826538,-23.019269943237305,165.31991577148438,36
44.017242431640625,33.778541564941406,6.076467037200928,-23.019269943237305,165.31991577148438,36
46.361793518066406,32.81598663330078,17.791309356689453,-23.019269943237305,165.31991577148438,36
62.53348922729492,35.808868408203125,-57.498924255371094,-57.498924255371094,165.65585327148438,36
43.50709533691406,39.32917022705078,4.661201000213623,-57.498924255371094,165.65585327148438,36
30.47484016418457,25.78415298461914,8.64555835723877,-57.498924255371094,165.65585327148438,36
80.97659301757812,102.24671173095703,14.779189109802246,-57.498924255371094,165.65585327148438,36
33.777069091796875,28.250730514526367,6.060664653778076,-57.498924255371094,165.65585327148438,36
42.75421905517578,34.95969772338867,10.429216384887695,-57.498924255371094,165.65585327148438,36
67.1156005859375,39.21947479248047,11.179625511169434,-57.498924255371094,165.65585327148438,36
36.7838134765625,30.371841430664062,9.703747749328613,-57.498924255371094,165.65585327148438,36
76.3805923461914,52.849609375,15.574243545532227,-57.498924255371094,176.6857147216797,36
77.66471099853516,55.212215423583984,21.534940719604492,-57.498924255371094,176.6857147216797,36
47.02444076538086,36.38766098022461,9.920636177062988,-57.498924255371094,176.6857147216797,36
63.27180099487305,32.68140411376953,15.236540794372559,-57.498924255371094,178.20352172851562,36
54.335575103759766,36.057777404785156,15.44842529296875,-57.498924255371094,178.20352172851562,36
39.3353385925293,34.76642990112305,19.074209213256836,-57.498924255371094,178.20352172851562,36
32.5692024230957,32.04793930053711,11.871866226196289,-57.498924255371094,178.20352172851562,36
32.98051071166992,26.50201416015625,1.1006345748901367,-57.498924255371094,178.20352172851562,36
29.76763343811035,29.763809204101562,7.028875350952148,-57.498924255371094,178.20352172851562,36
30.87806510925293,30.239534378051758,18.691375732421875,-57.498924255371094,178.20352172851562,36
77.79047393798828,57.008827209472656,20.76462173461914,-57.498924255371094,178.20352172851562,36
73.58023834228516,48.659420013427734,16.997438430786133,-57.498924255371094,178.20352172851562,36
63.950531005859375,53.34019088745117,15.67324161529541,-57.498924255371094,178.20352172851562,36
43.3159065246582,40.2812385559082,13.459624290466309,-57.498924255371094,178.20352172851562,36
38.801944732666016,30.434497833251953,3.3299753665924072,-57.498924255371094,178.20352172851562,36
33.61791229248047,29.150066375732422,14.881638526916504,-57.498924255371094,178.20352172851562,36
45.40980529785156,38.4728889465332,18.670927047729492,-57.498924255371094,178.20352172851562,36
48.148651123046875,39.397464752197266,14.98930549621582,-57.498924255371094,178.20352172851562,36
41.4925651550293,37.576961517333984,16.878311157226562,-57.498924255371094,178.20352172851562,36
52.54432678222656,38.12211608886719,14.542516708374023,-57.498924255371094,178.20352172851562,36
48.574729919433594,43.473506927490234,13.646814346313477,-57.498924255371094,178.20352172851562,36
37.1049919128418,32.69700622558594,10.0842866897583,-57.498924255371094,178.20352172851562,36
52.824127197265625,34.710750579833984,17.739530563354492,-57.498924255371094,178.20352172851562,36
40.822547912597656,35.61008834838867,4.942587852478027,-57.498924255371094,178.20352172851562,36
33.48399353027344,32.66363525390625,8.411799430847168,-57.498924255371094,178.20352172851562,36
36.51756286621094,34.154762268066406,-0.01298909168690443,-57.498924255371094,178.20352172851562,36
33.56144332885742,33.13181686401367,12.050582885742188,-57.498924255371094,178.20352172851562,36
31.45410919189453,30.58327293395996,10.75735092163086,-57.498924255371094,178.20352172851562,36
31.5299129486084,31.6275577545166,19.404706954956055,-57.498924255371094,178.20352172851562,36
46.845855712890625,33.19371032714844,16.81254005432129,-57.498924255371094,178.20352172851562,36
30.46714210510254,30.879228591918945,5.47888708114624,-57.498924255371094,178.20352172851562,36
45.928680419921875,36.15570831298828,11.25070571899414,-57.498924255371094,178.20352172851562,36
60.405906677246094,41.28345489501953,15.98091983795166,-57.498924255371094,178.20352172851562,36
43.84571075439453,34.344024658203125,-16.938039779663086,-57.498924255371094,178.20352172851562,36
32.911277770996094,29.352813720703125,3.9816648960113525,-57.498924255371094,178.20352172851562,36
32.65526580810547,33.367557525634766,13.90048599243164,-57.498924255371094,178.20352172851562,36
48.135684967041016,39.53240203857422,4.941488265991211,-57.498924255371094,178.20352172851562,36
32.324344635009766,25.13976287841797,-34.35240936279297,-57.498924255371094,178.20352172851562,36
26.982812881469727,30.304100036621094,-65.25331115722656,-65.25331115722656,178.20352172851562,36
33.56284713745117,31.192428588867188,15.15157699584961,-65.25331115722656,178.20352172851562,36
36.91086196899414,22.52440643310547,-7.063392162322998,-65.25331115722656,178.20352172851562,36
23.636672973632812,22.619129180908203,2.038384437561035,-65.25331115722656,178.20352172851562,36
31.643905639648438,31.588916778564453,-2.225424289703369,-65.25331115722656,178.20352172851562,36
58.289493560791016,48.38134765625,-17.29769515991211,-65.25331115722656,178.20352172851562,36
30.14127540588379,23.282995223999023,-11.24555492401123,-65.25331115722656,178.20352172851562,36
32.276309967041016,16.366853713989258,-18.89629364013672,-65.25331115722656,178.20352172851562,36
18.602815628051758,14.094249725341797,-7.683826923370361,-65.25331115722656,178.20352172851562,36
60.914207458496094,57.35078048706055,-45.21510696411133,-65.25331115722656,178.20352172851562,36
41.73780822753906,17.54713249206543,-27.15021514892578,-65.25331115722656,178.20352172851562,36
33.6162223815918,24.16928482055664,-15.625041961669922,-65.25331115722656,178.20352172851562,36
39.361244201660156,41.19186019897461,3.8905513286590576,-65.25331115722656,178.20352172851562,36
34.49245834350586,36.81200408935547,20.61538314819336,-65.25331115722656,178.20352172851562,36
26.925085067749023,12.910606384277344,-27.617019653320312,-65.25331115722656,178.20352172851562,36
9.175017356872559,12.813437461853027,-68.10347747802734,-68.10347747802734,178.20352172851562,36
37.61090850830078,37.03476333618164,13.317445755004883,-68.10347747802734,178.20352172851562,36
35.907249450683594,36.916080474853516,18.851755142211914,-68.10347747802734,178.20352172851562,36
16.010711669921875,21.762449264526367,-39.910762786865234,-68.10347747802734,178.20352172851562,36
34.47011947631836,34.372344970703125,19.74028778076172,-68.10347747802734,178.20352172851562,36
32.584407806396484,30.160621643066406,16.07236671447754,-68.10347747802734,178.20352172851562,36
32.3387336730957,30.968528747558594,-1.7002044916152954,-68.10347747802734,178.20352172851562,36
27.214862823486328,28.265729904174805,-17.480897903442383,-68.10347747802734,178.20352172851562,36
49.450660705566406,23.084257125854492,-33.29787063598633,-68.10347747802734,178.20352172851562,36
24.75802993774414,12.731175422668457,-50.030330657958984,-68.10347747802734,178.20352172851562,36
8.878644943237305,-7.347163677215576,-108.10009002685547,-108.10009002685547,178.20352172851562,36
39.471519470214844,40.56037902832031,-1.968339204788208,-108.10009002685547,178.20352172851562,36
51.84909439086914,35.67012023925781,-1.4535536766052246,-108.10009002685547,178.20352172851562,36
31.729202270507812,32.88219451904297,-6.475775241851807,-108.10009002685547,178.20352172851562,36
46.52909469604492,35.35520553588867,-87.82413482666016,-108.10009002685547,178.20352172851562,36
25.930217742919922,18.710599899291992,-8.085363388061523,-108.10009002685547,178.20352172851562,36
41.712894439697266,43.69108200073242,22.530427932739258,-108.10009002685547,178.20352172851562,36
39.252418518066406,26.83218765258789,-32.67870330810547,-108.10009002685547,178.20352172851562,36
27.06527328491211,21.21451187133789,-40.003936767578125,-108.10009002685547,178.20352172851562,36
42.949913024902344,39.90848922729492,15.708273887634277,-108.10009002685547,178.20352172851562,36
27.674406051635742,24.434223175048828,-7.767918109893799,-108.10009002685547,178.20352172851562,36
38.49907684326172,39.43782043457031,-0.25198307633399963,-108.10009002685547,178.20352172851562,36
22.122608184814453,-1.3656866550445557,-56.934471130371094,-108.10009002685547,178.20352172851562,36
35.52231979370117,38.138519287109375,-18.862890243530273,-108.10009002685547,178.20352172851562,36
82.1216049194336,103.43474578857422,-51.87843322753906,-108.10009002685547,178.20352172851562,36
19.40116310119629,-0.9400827884674072,-45.78844451904297,-108.10009002685547,178.20352172851562,36
20.343290328979492,20.421350479125977,-75.71369934082031,-108.10009002685547,178.20352172851562,36
24.06698989868164,20.64568328857422,-52.19919204711914,-108.10009002685547,178.20352172851562,36
57.16521072387695,93.17230224609375,-74.2097396850586,-108.10009002685547,178.20352172851562,36
35.239498138427734,51.122474670410156,-66.56888580322266,-108.10009002685547,178.20352172851562,36
43.822181701660156,37.94548797607422,-45.768802642822266,-108.10009002685547,180.83226013183594,36
50.0196533203125,99.33954620361328,-90.19159698486328,-108.10009002685547,180.83226013183594,36
78.01127624511719,101.81741333007812,-65.74954986572266,-108.10009002685547,180.83226013183594,36
36.2396354675293,49.531211853027344,-31.14505386352539,-108.10009002685547,180.83226013183594,36
-11.175683975219727,-12.664341926574707,-115.1714096069336,-115.1714096069336,180.83226013183594,36
38.12604904174805,38.98830032348633,-55.92897415161133,-115.1714096069336,180.83226013183594,36
87.34269714355469,104.56861114501953,-70.9122314453125,-115.1714096069336,180.83226013183594,36
4.4410905838012695,17.318843841552734,-71.72010803222656,-115.1714096069336,180.83226013183594,36
28.306062698364258,14.637825965881348,-69.22056579589844,-115.1714096069336,180.83226013183594,36
40.261253356933594,97.03755950927734,-88.35121154785156,-115.1714096069336,180.83226013183594,36
0.9182025194168091,-21.429365158081055,-69.21231079101562,-115.1714096069336,180.83226013183594,36
-42.15879440307617,-49.663055419921875,-99.33372497558594,-115.1714096069336,180.83226013183594,36
17.600431442260742,45.69673538208008,-92.69352722167969,-115.1714096069336,180.83226013183594,36
-28.20078468322754,-36.86472702026367,-104.66632080078125,-115.1714096069336,180.83226013183594,36
51.081356048583984,58.044288635253906,-11.372854232788086,-115.1714096069336,180.83226013183594,36
44.12066650390625,48.73537063598633,-63.990997314453125,-115.1714096069336,180.83226013183594,36
39.99040603637695,89.14375305175781,-74.58097839355469,-115.1714096069336,180.83226013183594,36
11.1148099899292,-33.306312561035156,-108.43407440185547,-115.1714096069336,180.83226013183594,36
1.1494455337524414,-10.362092018127441,-62.723758697509766,-115.1714096069336,180.83226013183594,36
10.829446792602539,38.56119918823242,-77.93476867675781,-115.1714096069336,180.83226013183594,36
10.775221824645996,9.139360427856445,-67.6931381225586,-115.1714096069336,180.83226013183594,36
-18.45843505859375,-57.000614166259766,-100.42328643798828,-115.1714096069336,180.83226013183594,36
105.35128784179688,113.2069320678711,-30.656190872192383,-115.1714096069336,180.83226013183594,36
99.94019317626953,111.365234375,-57.849117279052734,-115.1714096069336,180.83226013183594,36
103.27918243408203,110.15609741210938,-23.49612808227539,-115.1714096069336,180.83226013183594,36
29.75823974609375,74.51334381103516,-89.56796264648438,-115.1714096069336,180.83226013183594,36
-33.919490814208984,-44.393699645996094,-95.45816802978516,-115.1714096069336,180.83226013183594,36
16.707008361816406,26.349929809570312,-60.63088607788086,-115.1714096069336,180.83226013183594,36
75.96215057373047,109.47264862060547,-80.83885192871094,-115.1714096069336,180.83226013183594,36
24.79704475402832,41.00101089477539,-98.37037658691406,-115.1714096069336,180.83226013183594,36
49.872379302978516,97.49264526367188,-73.20950317382812,-115.1714096069336,180.83226013183594,36
31.08506202697754,67.68732452392578,-73.2707290649414,-115.1714096069336,180.83226013183594,36
12.91777229309082,-0.048749733716249466,-81.65650939941406,-115.1714096069336,180.83226013183594,36
-15.297889709472656,-12.484637260437012,-79.78963470458984,-115.1714096069336,180.83226013183594,36
0.9559304714202881,-8.42874526977539,-63.2056999206543,-115.1714096069336,180.83226013183594,36
80.12512969970703,95.28812408447266,-77.59345245361328,-115.1714096069336,180.83226013183594,36
55.94688415527344,98.4430160522461,-83.29188537597656,-115.1714096069336,180.83226013183594,36
6.462992191314697,-1.4519442319869995,-57.77628707885742,-115.1714096069336,180.83226013183594,36
-33.285179138183594,-41.5870361328125,-97.22042083740234,-115.1714096069336,180.83226013183594,36
49.3281364440918,100.75333404541016,-94.6208267211914,-115.1714096069336,180.83226013183594,36
37.63860321044922,72.11322021484375,-86.91194152832031,-115.1714096069336,180.83226013183594,36
-2.4306774139404297,-9.97385025024414,-49.38499069213867,-115.1714096069336,180.83226013183594,36
-43.48656463623047,-56.58075714111328,-109.79219055175781,-115.1714096069336,180.83226013183594,36
82.6457748413086,106.0688247680664,-100.88931274414062,-115.1714096069336,180.83226013183594,36
74.61466979980469,105.7759017944336,-73.37442016601562,-115.1714096069336,180.83226013183594,36
44.78547286987305,72.75946807861328,-58.24405288696289,-115.1714096069336,180.83226013183594,36
24.371898651123047,20.515853881835938,-26.512237548828125,-115.1714096069336,180.83226013183594,36
30.689807891845703,4.747522830963135,-70.07852172851562,-115.1714096069336,180.83226013183594,36
37.163021087646484,36.545860290527344,-68.48859405517578,-115.1714096069336,180.83226013183594,36
-14.971722602844238,-22.295665740966797,-74.17021179199219,-115.1714096069336,180.83226013183594,36
-33.00690841674805,-30.61602783203125,-76.01288604736328,-115.1714096069336,180.83226013183594,36
-44.178409576416016,-50.75410079956055,-79.46678924560547,-115.1714096069336,180.83226013183594,36
5.324550628662109,-25.299039840698242,-75.96484375,-115.1714096069336,180.83226013183594,36
-33.868160247802734,-40.901527404785156,-108.34746551513672,-115.1714096069336,180.83226013183594,36
-15.502859115600586,-27.131778717041016,-81.08393096923828,-115.1714096069336,180.83226013183594,36
-40.5423698425293,-59.30533218383789,-107.31702423095703,-115.1714096069336,180.83226013183594,36
-51.07905197143555,-75.0280532836914,-109.21036529541016,-115.1714096069336,180.83226013183594,36
83.2407455444336,111.40090942382812,-54.0478401184082,-115.1714096069336,180.83226013183594,36
67.75415802001953,112.24803924560547,-48.09819793701172,-115.1714096069336,180.83226013183594,36
-4.3024187088012695,-32.83505630493164,-88.08920288085938,-115.1714096069336,180.83226013183594,36
-19.84281349182129,-34.26871109008789,-78.89119720458984,-115.1714096069336,180.83226013183594,36
-36.045204162597656,-48.54313659667969,-92.9330062866211,-115.1714096069336,180.83226013183594,36
65.64298248291016,106.31761932373047,-75.2980728149414,-115.1714096069336,180.83226013183594,36
-14.638869285583496,-41.059112548828125,-78.91929626464844,-115.1714096069336,180.83226013183594,36
-32.91884231567383,-48.511173248291016,-103.59774780273438,-115.1714096069336,180.83226013183594,36
-35.44232940673828,-66.14522552490234,-110.15970611572266,-115.1714096069336,180.83226013183594,36
-53.45252990722656,-63.5301513671875,-102.26748657226562,-115.1714096069336,180.83226013183594,36
86.80905151367188,105.88414001464844,-85.75534057617188,-115.1714096069336,180.83226013183594,36
34.9664306640625,84.43067169189453,-120.65326690673828,-120.65326690673828,180.83226013183594,36
-32.326988220214844,-45.546722412109375,-88.76033782958984,-120.65326690673828,180.83226013183594,36
55.02486038208008,92.81332397460938,-109.7892074584961,-120.65326690673828,180.83226013183594,36
-42.87079620361328,-54.69865417480469,-94.47496795654297,-120.65326690673828,180.83226013183594,36
-18.83513832092285,-44.9614372253418,-75.37155151367188,-120.65326690673828,180.83226013183594,36
93.68811798095703,112.61398315429688,-65.75837707519531,-120.65326690673828,186.9474334716797,36
-36.2626953125,-59.774600982666016,-124.50746154785156,-124.50746154785156,186.9474334716797,36
81.62737274169922,109.03397369384766,-73.29022216796875,-124.50746154785156,186.9474334716797,36
-47.89632034301758,-38.72284698486328,-119.07096099853516,-124.50746154785156,186.9474334716797,36
64.90312957763672,98.2374038696289,-86.84825134277344,-124.50746154785156,186.9474334716797,36
-21.442703247070312,-34.83964538574219,-80.6759033203125,-124.50746154785156,186.9474334716797,36
-29.38397979736328,-40.44211959838867,-91.14894104003906,-124.50746154785156,186.9474334716797,36
70.31892395019531,104.13697052001953,-55.22584915161133,-124.50746154785156,186.9474334716797,36
63.607479095458984,95.5208740234375,-75.6067886352539,-124.50746154785156,186.9474334716797,36
14.45113754272461,-24.758464813232422,-91.65176391601562,-124.50746154785156,186.9474334716797,36
-62.16757583618164,-72.12358856201172,-121.98943328857422,-124.50746154785156,186.9474334716797,36
11.597039222717285,-26.8669376373291,-107.31541442871094,-124.50746154785156,186.9474334716797,36
-30.93745231628418,-42.10708236694336,-98.75255584716797,-124.50746154785156,186.9474334716797,36
84.77495574951172,106.93632507324219,-74.18315124511719,-124.50746154785156,186.9474334716797,36
-31.35799217224121,-47.54551315307617,-100.44575500488281,-124.50746154785156,186.9474334716797,36
-55.3059196472168,-59.480323791503906,-86.96351623535156,-124.50746154785156,186.9474334716797,36
-40.34614181518555,-50.36907196044922,-74.2249984741211,-124.50746154785156,186.9474334716797,36
-32.453651428222656,-51.76646041870117,-84.15665435791016,-124.50746154785156,186.9474334716797,36
80.27394104003906,108.58805084228516,-70.06658935546875,-124.50746154785156,186.9474334716797,36
-48.309146881103516,-71.40635681152344,-119.22794342041016,-124.50746154785156,186.9474334716797,36
81.6001205444336,106.77175903320312,-107.97700500488281,-124.50746154785156,186.9474334716797,36
26.55069351196289,73.98553466796875,-92.89097595214844,-124.50746154785156,186.9474334716797,36
-12.155143737792969,-23.873640060424805,-77.1465072631836,-124.50746154785156,186.9474334716797,36
-51.07838439941406,-82.54701232910156,-116.20800018310547,-124.50746154785156,186.9474334716797,36
71.27975463867188,93.0315170288086,-82.32319641113281,-124.50746154785156,186.9474334716797,36
15.84144401550293,-35.00458908081055,-84.25823974609375,-124.50746154785156,186.9474334716797,36
3.0824363231658936,10.06967830657959,-65.26317596435547,-124.50746154785156,186.9474334716797,36
-59.253326416015625,-73.29166412353516,-111.78335571289062,-124.50746154785156,186.9474334716797,36
-56.255550384521484,-69.99241638183594,-113.5241470336914,-124.50746154785156,186.9474334716797,36
111.26689910888672,111.92442321777344,92.53579711914062,-124.50746154785156,186.9474334716797,36
-28.33185577392578,-48.512264251708984,-71.64884185791016,-124.50746154785156,186.9474334716797,36
-28.144926071166992,-40.14890670776367,-76.89102172851562,-124.50746154785156,186.9474334716797,36
-63.127994537353516,-84.15162658691406,-105.8608627319336,-124.50746154785156,186.9474334716797,36
78.06854248046875,104.70054626464844,-70.72689056396484,-124.50746154785156,186.9474334716797,36
-32.77749252319336,-50.911094665527344,-84.77901458740234,-124.50746154785156,186.9474334716797,36
-44.10358810424805,-70.10960388183594,-134.41983032226562,-134.41983032226562,186.9474334716797,36
94.67805480957031,108.7912826538086,-43.22433853149414,-134.41983032226562,186.9474334716797,36
-54.136558532714844,-73.42850494384766,-108.3830337524414,-134.41983032226562,186.9474334716797,36
-57.52891540527344,-75.99787139892578,-110.6458511352539,-134.41983032226562,186.9474334716797,36
96.10958862304688,108.31348419189453,-62.67685317993164,-134.41983032226562,186.9474334716797,36
66.7630844116211,115.55271911621094,-111.617919921875,-134.41983032226562,186.9474334716797,36
-41.5482063293457,-59.25810241699219,-118.09251403808594,-134.41983032226562,186.9474334716797,36
73.37483978271484,108.80736541748047,-94.16259002685547,-134.41983032226562,186.9474334716797,36
30.841402053833008,67.52804565429688,-92.55270385742188,-134.41983032226562,186.9474334716797,36
-16.310945510864258,-31.874786376953125,-103.12503051757812,-134.41983032226562,186.9474334716797,36
-54.11357879638672,-67.16582489013672,-123.62037658691406,-134.41983032226562,186.9474334716797,36
-31.442062377929688,-77.55369567871094,-112.6380844116211,-134.41983032226562,186.9474334716797,36
10.33212947845459,5.227564334869385,-70.2668685913086,-134.41983032226562,186.9474334716797,36
10.212745666503906,-9.085537910461426,-112.3704605102539,-134.41983032226562,186.9474334716797,36
96.88268280029297,111.48922729492188,-62.99613952636719,-134.41983032226562,186.9474334716797,36
-33.2840576171875,-44.31788635253906,-69.9808349609375,-134.41983032226562,186.9474334716797,36
-18.655550003051758,-47.064212799072266,-80.35875701904297,-134.41983032226562,186.9474334716797,36
91.63786315917969,110.26702880859375,-42.47011184692383,-134.41983032226562,186.9474334716797,36
-8.209319114685059,-31.64745330810547,-125.96954345703125,-134.41983032226562,186.9474334716797,36
-68.2125473022461,-78.45796203613281,-123.36578369140625,-134.41983032226562,186.9474334716797,36
24.00373649597168,76.39656829833984,-108.81916046142578,-134.41983032226562,186.9474334716797,36
91.45526885986328,109.42940521240234,-90.22406768798828,-134.41983032226562,186.9474334716797,36
12.836982727050781,-18.323339462280273,-101.43809509277344,-134.41983032226562,186.9474334716797,36
-54.42741775512695,-68.2132568359375,-101.55647277832031,-134.41983032226562,186.9474334716797,36
31.73935890197754,97.87687683105469,-107.45542907714844,-134.41983032226562,186.9474334716797,36
-43.771793365478516,-50.55718994140625,-86.86427307128906,-134.41983032226562,186.9474334716797,36
-63.25914001464844,-75.13884735107422,-112.7624740600586,-134.41983032226562,186.9474334716797,36
-59.90542221069336,-72.92372131347656,-125.94949340820312,-134.41983032226562,186.9474334716797,36
46.201881408691406,100.0966796875,-108.3509292602539,-134.41983032226562,186.9474334716797,36
-30.60198402404785,-39.64030838012695,-86.1805419921875,-134.41983032226562,186.9474334716797,36
-70.36292266845703,-80.20673370361328,-108.46192932128906,-134.41983032226562,186.9474334716797,36
81.86278533935547,108.3214111328125,-86.1434326171875,-134.41983032226562,186.9474334716797,36
39.820865631103516,54.02080535888672,-75.28736877441406,-134.41983032226562,186.9474334716797,36
9.043013572692871,-30.048044204711914,-110.86688232421875,-134.41983032226562,186.9474334716797,36
-44.88478088378906,-55.178924560546875,-95.49893188476562,-134.41983032226562,186.9474334716797,36
-25.03347396850586,-62.35942840576172,-116.3641128540039,-134.41983032226562,186.9474334716797,36
-31.2203426361084,-36.026512145996094,-98.24223327636719,-134.41983032226562,186.9474334716797,36
-15.278324127197266,-23.6552677154541,-78.38772583007812,-134.41983032226562,186.9474334716797,36
40.9741325378418,83.84951782226562,-103.5074462890625,-134.41983032226562,186.9474334716797,36
-48.869022369384766,-74.78282928466797,-136.5028533935547,-136.5028533935547,186.9474334716797,36
-43.1827278137207,-53.23809051513672,-118.7244644165039,-136.5028533935547,186.9474334716797,36
57.44009017944336,99.95372009277344,-87.12681579589844,-136.5028533935547,186.9474334716797,36
-26.95115089416504,-66.25979614257812,-120.16959381103516,-136.5028533935547,186.9474334716797,36
42.68065643310547,79.1347427368164,-94.28401947021484,-136.5028533935547,186.9474334716797,36
-1.6621242761611938,-36.30473327636719,-121.2420654296875,-136.5028533935547,186.9474334716797,36
-8.61829948425293,-45.304927825927734,-119.89889526367188,-136.5028533935547,186.9474334716797,36
-18.026884078979492,-52.205570220947266,-98.69102478027344,-136.5028533935547,186.9474334716797,36
-38.23491287231445,-50.7442512512207,-130.30528259277344,-136.5028533935547,186.9474334716797,36
-3.7583374977111816,-6.942926406860352,-75.86725616455078,-136.5028533935547,186.9474334716797,36
-39.96366882324219,-41.1507568359375,-108.12244415283203,-136.5028533935547,186.9474334716797,36
-4.825229644775391,-34.42578887939453,-130.76014709472656,-136.5028533935547,186.9474334716797,36
-61.45964431762695,-73.2675552368164,-130.0721893310547,-136.5028533935547,186.9474334716797,36
-26.621414184570312,-54.25554275512695,-98.8947982788086,-136.5028533935547,186.9474334716797,36
17.550189971923828,-8.374923706054688,-90.50553131103516,-136.5028533935547,186.9474334716797,36
-4.381912708282471,6.435522079467773,-77.87112426757812,-136.5028533935547,186.9474334716797,36
-71.41761016845703,-82.62882995605469,-134.5427703857422,-136.5028533935547,186.9474334716797,36
91.13774871826172,110.990234375,-68.14471435546875,-136.5028533935547,186.9474334716797,36
-58.22599411010742,-71.5765609741211,-123.5880126953125,-136.5028533935547,186.9474334716797,36
-41.285884857177734,-91.62083435058594,-137.1475830078125,-137.1475830078125,186.9474334716797,36
-74.46682739257812,-98.57225799560547,-157.86741638183594,-157.86741638183594,186.9474334716797,36
18.075820922851562,27.345151901245117,-118.03106689453125,-157.86741638183594,186.9474334716797,36
-36.03709411621094,-42.85136413574219,-80.54974365234375,-157.86741638183594,186.9474334716797,36
82.8471908569336,110.83116149902344,-117.94608306884766,-157.86741638183594,186.9474334716797,36
35.34953308105469,106.10657501220703,-139.6146240234375,-157.86741638183594,186.9474334716797,36
-18.276098251342773,-29.716785430908203,-90.43672180175781,-157.86741638183594,186.9474334716797,36
10.770061492919922,53.86976623535156,-112.42332458496094,-157.86741638183594,186.9474334716797,36
39.587223052978516,68.03253173828125,-76.17481994628906,-157.86741638183594,186.9474334716797,36
-4.81692361831665,-6.056707859039307,-76.45587158203125,-157.86741638183594,186.9474334716797,36
43.35094451904297,78.4503402709961,-114.87211608886719,-157.86741638183594,186.9474334716797,36
7.4229044914245605,-33.70220184326172,-85.02356719970703,-157.86741638183594,186.9474334716797,36
-27.861312866210938,-31.09525489807129,-78.86398315429688,-157.86741638183594,186.9474334716797,36
-1.8782769441604614,-29.398672103881836,-114.94514465332031,-157.86741638183594,186.9474334716797,36
9.6274995803833,-13.293212890625,-96.75126647949219,-157.86741638183594,186.9474334716797,36
32.405738830566406,64.18614959716797,-100.94931030273438,-157.86741638183594,186.9474334716797,36
-34.88140106201172,-69.30767059326172,-124.62654876708984,-157.86741638183594,186.9474334716797,36
-15.829002380371094,-57.763824462890625,-123.56397247314453,-157.86741638183594,186.9474334716797,36
85.65713500976562,107.41798400878906,-103.37206268310547,-157.86741638183594,186.9474334716797,36
-17.344860076904297,-41.878475189208984,-105.87152862548828,-157.86741638183594,186.9474334716797,36
-66.93315124511719,-76.2940902709961,-132.20816040039062,-157.86741638183594,186.9474334716797,36
31.89812469482422,70.42860412597656,-113.36610412597656,-157.86741638183594,186.9474334716797,36
49.131752014160156,103.28392028808594,-110.88721466064453,-157.86741638183594,186.9474334716797,36
-47.79762268066406,-74.1023941040039,-131.93148803710938,-157.86741638183594,186.9474334716797,36
-3.133889675140381,-33.395606994628906,-138.2128143310547,-157.86741638183594,186.9474334716797,36
23.55199432373047,75.35009765625,-102.712890625,-157.86741638183594,186.9474334716797,36
6.68392276763916,-12.453322410583496,-64.85003662109375,-157.86741638183594,186.9474334716797,36
-4.184018135070801,-21.19918441772461,-84.09678649902344,-157.86741638183594,186.9474334716797,36
-22.676311492919922,-39.93831253051758,-89.71642303466797,-157.86741638183594,186.9474334716797,36
4.17706823348999,-30.501415252685547,-115.30205535888672,-157.86741638183594,186.9474334716797,36
-24.304241180419922,-45.41692352294922,-78.60489654541016,-157.86741638183594,186.9474334716797,36
38.22907257080078,109.1844482421875,-86.1723403930664,-157.86741638183594,186.9474334716797,36
-18.04899024963379,-35.715091705322266,-117.5356674194336,-157.86741638183594,186.9474334716797,36
-11.359787940979004,-46.1075553894043,-97.01564025878906,-157.86741638183594,186.9474334716797,36
-17.767135620117188,-39.13163375854492,-80.19578552246094,-157.86741638183594,186.9474334716797,36
52.94095993041992,101.9904556274414,-115.9414291381836,-157.86741638183594,186.9474334716797,36
-57.066749572753906,-68.60272979736328,-118.47471618652344,-157.86741638183594,186.9474334716797,36
29.373046875,98.94197082519531,-135.07676696777344,-157.86741638183594,186.9474334716797,36
23.00665855407715,-5.7588019371032715,-106.95793914794922,-157.86741638183594,186.9474334716797,36
0.8192228078842163,-3.4519174098968506,-61.78154754638672,-157.86741638183594,186.9474334716797,36
-9.80932331085205,-59.61688232421875,-117.8501205444336,-157.86741638183594,186.9474334716797,36
-67.08131408691406,-85.11302947998047,-154.54685974121094,-157.86741638183594,186.9474334716797,36
-67.29979705810547,-88.99347686767578,-127.2356948852539,-157.86741638183594,186.9474334716797,36
-42.85601043701172,-60.22768020629883,-143.52499389648438,-157.86741638183594,186.9474334716797,36
67.52995300292969,104.05191802978516,-77.06095886230469,-157.86741638183594,186.9474334716797,36
-48.147239685058594,-67.75820922851562,-113.59334564208984,-157.86741638183594,186.9474334716797,36
40.456851959228516,86.04252624511719,-80.6756362915039,-157.86741638183594,186.9474334716797,36
-26.037033081054688,-51.275367736816406,-102.4724349975586,-157.86741638183594,186.9474334716797,36
-39.443511962890625,-49.468719482421875,-125.05511474609375,-157.86741638183594,186.9474334716797,36
-50.861690521240234,-61.81911087036133,-145.47288513183594,-157.86741638183594,186.9474334716797,36
42.210533142089844,96.38298034667969,-105.55534362792969,-157.86741638183594,186.9474334716797,36
20.03866958618164,50.54589080810547,-143.01405334472656,-157.86741638183594,186.9474334716797,36
-26.657190322875977,-39.48805618286133,-129.68043518066406,-157.86741638183594,186.9474334716797,36
17.67973518371582,17.167034149169922,-119.82244110107422,-157.86741638183594,186.9474334716797,36
-34.12978744506836,-43.19974136352539,-121.52202606201172,-157.86741638183594,186.9474334716797,36
-11.20896053314209,-37.480472564697266,-95.31924438476562,-157.86741638183594,186.9474334716797,36
-39.90996170043945,-65.3189468383789,-128.64004516601562,-157.86741638183594,186.9474334716797,36
-76.72051239013672,-84.51070404052734,-129.84567260742188,-157.86741638183594,186.9474334716797,36
-68.30611419677734,-90.92463684082031,-169.9258575439453,-169.9258575439453,186.9474334716797,36
-52.953346252441406,-100.17605590820312,-148.92779541015625,-169.9258575439453,186.9474334716797,36
17.991186141967773,-7.882762908935547,-76.41877746582031,-169.9258575439453,186.9474334716797,36
16.908283233642578,41.92774963378906,-103.86491394042969,-169.9258575439453,186.9474334716797,36
27.2410831451416,76.69539642333984,-120.72830200195312,-169.9258575439453,186.9474334716797,36
-4.048020839691162,-62.174591064453125,-138.12648010253906,-169.9258575439453,186.9474334716797,36
-11.975630760192871,-32.227874755859375,-122.87377166748047,-169.9258575439453,186.9474334716797,36
36.45173263549805,32.52277374267578,-54.47422409057617,-169.9258575439453,186.9474334716797,36
-17.505647659301758,-51.80509948730469,-106.7462158203125,-169.9258575439453,186.9474334716797,36
-55.70720672607422,-79.5967788696289,-107.47626495361328,-169.9258575439453,186.9474334716797,36
0.00046705163549631834,-35.53072738647461,-136.53831481933594,-169.9258575439453,186.9474334716797,36
-25.854293823242188,-45.07078552246094,-123.18344116210938,-169.9258575439453,186.9474334716797,36
30.369482040405273,97.21004486083984,-135.7653045654297,-169.9258575439453,186.9474334716797,36
-58.2078742980957,-62.85808563232422,-151.09690856933594,-169.9258575439453,186.9474334716797,36
-36.481056213378906,-65.67369079589844,-144.24179077148438,-169.9258575439453,186.9474334716797,36
70.96027374267578,99.3104476928711,-155.6227264404297,-169.9258575439453,186.9474334716797,36
-26.0087890625,-57.09662628173828,-164.93309020996094,-169.9258575439453,186.9474334716797,36
-5.987565994262695,-28.418807983398438,-148.6453094482422,-169.9258575439453,186.9474334716797,36
32.53339767456055,17.912784576416016,-35.939266204833984,-169.9258575439453,186.9474334716797,36
-51.616676330566406,-65.1976089477539,-157.95626831054688,-169.9258575439453,186.9474334716797,36
-21.01240348815918,-50.53799819946289,-125.79151916503906,-169.9258575439453,186.9474334716797,36
4.587090969085693,-2.5215964317321777,-70.6596450805664,-169.9258575439453,186.9474334716797,36
-30.684154510498047,-65.86964416503906,-150.50146484375,-169.9258575439453,186.9474334716797,36
76.5330581665039,103.19952392578125,-123.13246154785156,-169.9258575439453,186.9474334716797,36
-69.38896942138672,-81.53118896484375,-137.24868774414062,-169.9258575439453,186.9474334716797,36
-45.46657943725586,-86.22441864013672,-137.513671875,-169.9258575439453,186.9474334716797,36
-53.23122787475586,-72.93836212158203,-157.1611328125,-169.9258575439453,186.9474334716797,36
7.927098751068115,-14.161569595336914,-61.345088958740234,-169.9258575439453,186.9474334716797,36
28.60616111755371,83.11412811279297,-150.8206787109375,-169.9258575439453,186.9474334716797,36
-44.532535552978516,-69.53945922851562,-159.1525115966797,-169.9258575439453,186.9474334716797,36
79.0521011352539,108.1738052368164,-130.41677856445312,-169.9258575439453,186.9474334716797,36
-3.0562055110931396,-24.1611328125,-83.38825225830078,-169.9258575439453,186.9474334716797,36
-53.39671325683594,-85.06452178955078,-125.00503540039062,-169.9258575439453,186.9474334716797,36
-21.889266967773438,-33.36231231689453,-120.89054870605469,-169.9258575439453,186.9474334716797,36
35.456199645996094,93.83514404296875,-109.78718566894531,-169.9258575439453,186.9474334716797,36
-1.8949767351150513,-19.51090431213379,-76.95159912109375,-169.9258575439453,186.9474334716797,36
67.9167251586914,106.73905944824219,-100.3473129272461,-169.9258575439453,186.9474334716797,36
-27.698335647583008,-28.387020111083984,-128.24835205078125,-169.9258575439453,186.9474334716797,36
-25.321714401245117,-40.008304595947266,-115.09197235107422,-169.9258575439453,186.9474334716797,36
80.6666030883789,104.38915252685547,-122.41804504394531,-169.9258575439453,186.9474334716797,36
-51.21670150756836,-66.64028930664062,-109.30541229248047,-169.9258575439453,186.9474334716797,36
89.1008071899414,111.70780181884766,-78.2795181274414,-169.9258575439453,186.9474334716797,36
52.132469177246094,107.74390411376953,-83.99531555175781,-169.9258575439453,186.9474334716797,36
-45.426509857177734,-69.72895812988281,-120.79744720458984,-169.9258575439453,186.9474334716797,36
40.58030319213867,92.8984146118164,-119.86083984375,-169.9258575439453,186.9474334716797,36
-42.5965690612793,-52.05135726928711,-112.88031768798828,-169.9258575439453,186.9474334716797,36
-8.328057289123535,-15.973539352416992,-84.20628356933594,-169.9258575439453,186.9474334716797,36
-40.7767448425293,-53.319820404052734,-102.24427795410156,-169.9258575439453,186.9474334716797,36
82.1288833618164,108.60640716552734,-70.77423858642578,-169.9258575439453,186.9474334716797,36
-23.279382705688477,-63.454246520996094,-149.1267547607422,-169.9258575439453,186.9474334716797,36
-1.9591784477233887,-35.868412017822266,-82.4534683227539,-169.9258575439453,186.9474334716797,36
30.714330673217773,93.14859771728516,-98.13258361816406,-169.9258575439453,186.9474334716797,36
-31.559667587280273,-91.08889770507812,-168.58303833007812,-169.9258575439453,186.9474334716797,36
-5.482542514801025,-19.352733612060547,-87.3809814453125,-169.9258575439453,186.9474334716797,36
-22.22618865966797,-70.42415618896484,-168.9671173095703,-169.9258575439453,186.9474334716797,36
-65.00476837158203,-113.44100952148438,-189.5665283203125,-189.5665283203125,186.9474334716797,36
36.287967681884766,63.19078826904297,-156.40838623046875,-189.5665283203125,197.08624267578125,36
-4.8441667556762695,29.610149383544922,-167.81005859375,-189.5665283203125,197.08624267578125,36
-6.103078365325928,-46.581729888916016,-134.5853729248047,-189.5665283203125,197.08624267578125,36
6.007293701171875,0.9410430788993835,-46.17271041870117,-189.5665283203125,197.08624267578125,36
-10.610508918762207,-31.8579158782959,-63.01201629638672,-189.5665283203125,197.08624267578125,36
-25.74518394470215,-35.39558792114258,-73.18621826171875,-189.5665283203125,197.08624267578125,36
73.19408416748047,95.55690002441406,-93.3568344116211,-189.5665283203125,197.08624267578125,36
-23.741901397705078,-39.99330139160156,-80.7977523803711,-189.5665283203125,197.08624267578125,36
40.060245513916016,99.66320037841797,-104.20401763916016,-189.5665283203125,197.08624267578125,36
-2.207871198654175,-37.81748580932617,-83.87919616699219,-189.5665283203125,197.08624267578125,36
8.631019592285156,-2.0164527893066406,-121.7261734008789,-189.5665283203125,197.08624267578125,36
-46.86192321777344,-83.53700256347656,-133.85911560058594,-189.5665283203125,197.08624267578125,36
-16.032564163208008,-39.75943374633789,-77.35372161865234,-189.5665283203125,197.08624267578125,36
-84.33030700683594,-108.06271362304688,-163.64834594726562,-189.5665283203125,197.08624267578125,36
26.186491012573242,80.03018188476562,-109.90093994140625,-189.5665283203125,197.08624267578125,36
-58.09211349487305,-85.69579315185547,-157.0185089111328,-189.5665283203125,197.08624267578125,36
-68.07653045654297,-93.83867645263672,-159.03440856933594,-189.5665283203125,197.08624267578125,36
-15.242449760437012,-17.85697364807129,-142.1971893310547,-189.5665283203125,197.08624267578125,36
28.1182918548584,68.652587890625,-98.90985107421875,-189.5665283203125,197.08624267578125,36
-30.391359329223633,-36.022029876708984,-75.23482513427734,-189.5665283203125,197.08624267578125,36
14.717842102050781,-11.026144981384277,-139.71536254882812,-189.5665283203125,197.08624267578125,36
-110.44652557373047,-116.8772201538086,-182.470703125,-189.5665283203125,197.08624267578125,36
-44.071502685546875,-59.15708923339844,-105.41336822509766,-189.5665283203125,197.08624267578125,36
22.286352157592773,71.66936492919922,-151.77157592773438,-189.5665283203125,197.08624267578125,36
-96.4415054321289,-111.92476654052734,-184.8937225341797,-189.5665283203125,197.08624267578125,36
7.583685874938965,-16.298566818237305,-57.90826416015625,-189.5665283203125,197.08624267578125,36
-46.39863204956055,-98.06609344482422,-190.12876892089844,-190.12876892089844,197.08624267578125,36
-37.360225677490234,-103.9678955078125,-192.9387664794922,-192.9387664794922,197.08624267578125,36
-58.94832229614258,-82.09803009033203,-162.3989715576172,-192.9387664794922,197.08624267578125,36
-105.14173126220703,-131.9550323486328,-178.2118377685547,-192.9387664794922,197.08624267578125,36
43.962242126464844,103.9527587890625,-115.42996215820312,-192.9387664794922,197.08624267578125,36
4.875836372375488,-11.576740264892578,-50.46043395996094,-192.9387664794922,197.08624267578125,36
-23.46636390686035,-32.06047821044922,-84.6712646484375,-192.9387664794922,197.08624267578125,36
-65.1573715209961,-90.02806091308594,-198.30641174316406,-198.30641174316406,197.08624267578125,36
-74.31491088867188,-130.48907470703125,-198.0832061767578,-198.30641174316406,197.08624267578125,36
19.80214500427246,56.92958450317383,-113.95391845703125,-198.30641174316406,197.08624267578125,36
56.15239334106445,98.62367248535156,-120.3272933959961,-198.30641174316406,197.08624267578125,36
-65.86116027832031,-85.52745056152344,-156.18063354492188,-198.30641174316406,197.08624267578125,36
-22.354808807373047,-21.95449447631836,-68.74121856689453,-198.30641174316406,197.08624267578125,36
20.0910701751709,55.57780456542969,-105.62972259521484,-198.30641174316406,197.08624267578125,36
-13.18845272064209,-57.83805465698242,-116.17362213134766,-198.30641174316406,197.08624267578125,36
-15.968125343322754,-42.54008102416992,-119.88838958740234,-198.30641174316406,197.08624267578125,36
-57.601863861083984,-62.22243881225586,-120.6433334350586,-198.30641174316406,197.08624267578125,36
47.06306076049805,108.0707015991211,-128.74740600585938,-198.30641174316406,197.08624267578125,36
35.04143524169922,59.383766174316406,-148.08926391601562,-198.30641174316406,197.08624267578125,36
-4.987043857574463,51.147865295410156,-142.63282775878906,-198.30641174316406,197.08624267578125,36
-51.562469482421875,-86.56916046142578,-150.6790008544922,-198.30641174316406,197.08624267578125,36
-7.628294467926025,-74.20173645019531,-149.35939025878906,-198.30641174316406,197.08624267578125,36
-26.864490509033203,-30.941404342651367,-68.21028137207031,-198.30641174316406,197.08624267578125,36
-33.155757904052734,-34.37022018432617,-89.79043579101562,-198.30641174316406,197.08624267578125,36
-5.889599323272705,-28.36570930480957,-98.29413604736328,-198.30641174316406,197.08624267578125,36
-19.00908851623535,-34.03340148925781,-154.52139282226562,-198.30641174316406,197.08624267578125,36
-45.920082092285156,-69.50361633300781,-165.38430786132812,-198.30641174316406,197.08624267578125,36
54.619083404541016,92.56166076660156,-121.75254821777344,-198.30641174316406,197.08624267578125,36
48.885650634765625,110.89602661132812,-123.80608367919922,-198.30641174316406,197.08624267578125,36
-43.66419982910156,-61.514305114746094,-123.01563262939453,-198.30641174316406,197.08624267578125,36
-18.814970016479492,59.796661376953125,-216.8932342529297,-216.8932342529297,197.08624267578125,36
-20.938892364501953,-79.10675048828125,-131.7161865234375,-216.8932342529297,197.08624267578125,36
-31.89593505859375,-32.51664352416992,-109.18084716796875,-216.8932342529297,197.08624267578125,36
-84.779296875,-83.24710083007812,-232.70550537109375,-232.70550537109375,197.08624267578125,36
53.33649826049805,97.55001831054688,-121.39061737060547,-232.70550537109375,197.08624267578125,36
-61.772247314453125,-97.25511169433594,-142.37110900878906,-232.70550537109375,197.08624267578125,36
20.4272518157959,71.37779235839844,-152.2797088623047,-232.70550537109375,197.08624267578125,36
16.741432189941406,1.3326133489608765,-112.80049133300781,-232.70550537109375,197.08624267578125,36
-36.913536071777344,-33.27680969238281,-174.75396728515625,-232.70550537109375,197.08624267578125,36
65.413818359375,96.37785339355469,-141.90646362304688,-232.70550537109375,197.08624267578125,36
-86.10663604736328,-114.31694030761719,-171.77293395996094,-232.70550537109375,197.08624267578125,36
92.83873748779297,110.9585952758789,-86.53130340576172,-232.70550537109375,197.08624267578125,36
-14.96270751953125,-26.500211715698242,-88.7536392211914,-232.70550537109375,197.08624267578125,36
93.85983276367188,110.95130157470703,-61.27320861816406,-232.70550537109375,197.08624267578125,36
-9.895833969116211,-34.08284378051758,-120.11687469482422,-232.70550537109375,197.08624267578125,36
-13.487497329711914,-39.05959701538086,-165.9991912841797,-232.70550537109375,197.08624267578125,36
8.03902530670166,43.84733963012695,-134.68116760253906,-232.70550537109375,197.08624267578125,36
29.99697494506836,73.55186462402344,-133.4291534423828,-232.70550537109375,197.08624267578125,36
-64.94038391113281,-121.69193267822266,-156.22349548339844,-232.70550537109375,197.08624267578125,36
-38.32999801635742,-50.41645431518555,-92.20354461669922,-232.70550537109375,197.08624267578125,36
-13.911537170410156,-4.783910274505615,-84.65855407714844,-232.70550537109375,197.08624267578125,36
-30.36466407775879,-67.6220703125,-149.80972290039062,-232.70550537109375,197.08624267578125,36
13.699930191040039,-29.954675674438477,-95.47167205810547,-232.70550537109375,197.08624267578125,36
-8.849508285522461,-45.56110382080078,-141.05108642578125,-232.70550537109375,197.08624267578125,36
-42.019474029541016,-108.84635162353516,-197.79208374023438,-232.70550537109375,197.08624267578125,36
39.114505767822266,99.95079040527344,-142.6490478515625,-232.70550537109375,197.08624267578125,36
-3.1289520263671875,58.64957046508789,-164.71533203125,-232.70550537109375,197.08624267578125,36
10.123085021972656,3.478853225708008,-76.3634262084961,-232.70550537109375,197.08624267578125,36
-12.071394920349121,-78.06782531738281,-160.2262420654297,-232.70550537109375,197.08624267578125,36
-19.29383659362793,-29.498315811157227,-80.66813659667969,-232.70550537109375,197.08624267578125,36
-0.539236307144165,31.468191146850586,-131.8849334716797,-232.70550537109375,197.08624267578125,36
-41.33006286621094,-92.14740753173828,-194.1238555908203,-232.70550537109375,197.08624267578125,36
-2.2422878742218018,33.54404067993164,-136.11422729492188,-232.70550537109375,197.08624267578125,36
3.7007150650024414,52.021240234375,-139.80996704101562,-232.70550537109375,197.08624267578125,36
52.192901611328125,109.8094482421875,-132.22108459472656,-232.70550537109375,197.08624267578125,36
-37.74074935913086,-50.53729248046875,-115.64102172851562,-232.70550537109375,197.08624267578125,36
53.533695220947266,104.48784637451172,-125.53800964355469,-232.70550537109375,197.08624267578125,36
-42.447303771972656,-46.17430114746094,-149.16375732421875,-232.70550537109375,197.08624267578125,36
53.280330657958984,110.64168548583984,-124.10527038574219,-232.70550537109375,197.08624267578125,36
-11.432504653930664,-66.90650939941406,-116.8803482055664,-232.70550537109375,197.08624267578125,36
-67.78350830078125,-88.33324432373047,-159.5516357421875,-232.70550537109375,197.08624267578125,36
17.30367660522461,65.58981323242188,-127.85757446289062,-232.70550537109375,197.08624267578125,36
-31.27718162536621,-53.20862579345703,-147.14468383789062,-232.70550537109375,197.08624267578125,36
-47.058860778808594,-82.12028503417969,-171.23081970214844,-232.70550537109375,197.08624267578125,36
-28.09149742126465,-87.44147491455078,-162.8755645751953,-232.70550537109375,197.08624267578125,36
8.333370208740234,52.070377349853516,-162.2425537109375,-232.70550537109375,197.08624267578125,36
-51.447086334228516,-70.50717163085938,-156.47508239746094,-232.70550537109375,197.08624267578125,36
-17.732280731201172,-20.508546829223633,-157.3313446044922,-232.70550537109375,197.08624267578125,36
-85.41615295410156,-100.05194854736328,-164.9276885986328,-232.70550537109375,197.08624267578125,36
75.7014389038086,110.7607650756836,-126.37030792236328,-232.70550537109375,197.08624267578125,36
-28.862817764282227,-70.13692474365234,-164.40432739257812,-232.70550537109375,197.08624267578125,36
-52.10917282104492,-107.48125457763672,-173.3667755126953,-232.70550537109375,197.08624267578125,36
20.163759231567383,47.96833419799805,-149.60618591308594,-232.70550537109375,197.08624267578125,36
-97.03358459472656,-114.75862121582031,-205.90061950683594,-232.70550537109375,197.08624267578125,36
30.082534790039062,77.03450775146484,-152.53643798828125,-232.70550537109375,197.08624267578125,36
-21.40930938720703,-93.53925323486328,-159.5684814453125,-232.70550537109375,197.08624267578125,36
-34.291351318359375,-97.9893798828125,-160.30697631835938,-232.70550537109375,197.08624267578125,36
-23.556884765625,-42.70688247680664,-130.72279357910156,-232.70550537109375,197.08624267578125,36
-17.896940231323242,7.7220988273620605,-190.95492553710938,-232.70550537109375,197.08624267578125,36
-37.099178314208984,-89.21573638916016,-171.4401397705078,-232.70550537109375,197.08624267578125,36
-37.4940185546875,-112.4760513305664,-166.9398193359375,-232.70550537109375,197.08624267578125,36
-11.79552173614502,-94.37995147705078,-157.89466857910156,-232.70550537109375,197.08624267578125,36
-52.2367057800293,-123.89327239990234,-164.65982055664062,-232.70550537109375,197.08624267578125,36
-37.08164978027344,-37.693145751953125,-185.39491271972656,-232.70550537109375,197.08624267578125,36
-44.945560455322266,-116.63919067382812,-173.8131103515625,-232.70550537109375,197.08624267578125,36
-64.0525131225586,-127.07475280761719,-174.243408203125,-232.70550537109375,197.08624267578125,36
-144.79623413085938,-163.83065795898438,-258.773193359375,-258.773193359375,197.08624267578125,36
-5.705880641937256,-15.698686599731445,-95.6316909790039,-258.773193359375,197.08624267578125,36
50.95918655395508,83.4694595336914,-175.09458923339844,-258.773193359375,197.08624267578125,36
-104.5665512084961,-111.10711669921875,-237.51162719726562,-258.773193359375,197.08624267578125,36
74.6386947631836,103.93038940429688,-165.43661499023438,-258.773193359375,197.08624267578125,36
-16.527267456054688,-21.46892547607422,-180.18516540527344,-258.773193359375,197.08624267578125,36
17.398401260375977,100.71390533447266,-158.57266235351562,-258.773193359375,197.08624267578125,36
-16.988527297973633,24.072921752929688,-191.04415893554688,-258.773193359375,197.08624267578125,36
-38.13235092163086,-45.1579475402832,-112.9059829711914,-258.773193359375,197.08624267578125,36
-2.5174367427825928,11.569588661193848,-156.5963134765625,-258.773193359375,197.08624267578125,36
-81.0437240600586,-92.45661926269531,-180.12069702148438,-258.773193359375,197.08624267578125,36
2.0645012855529785,-12.142760276794434,-75.39617156982422,-258.773193359375,197.08624267578125,36
-81.11469268798828,-126.79729461669922,-214.8028564453125,-258.773193359375,197.08624267578125,36
-1.9289435148239136,1.9961429834365845,-133.97735595703125,-258.773193359375,197.08624267578125,36
-35.196006774902344,10.86090087890625,-230.6398468017578,-258.773193359375,197.08624267578125,36
-129.71475219726562,-190.07696533203125,-246.72389221191406,-258.773193359375,197.08624267578125,36
-121.730224609375,-145.52401733398438,-241.77447509765625,-258.773193359375,197.08624267578125,36
44.817222595214844,91.10671997070312,-166.6121826171875,-258.773193359375,197.08624267578125,36
-14.486908912658691,22.69213104248047,-165.5986785888672,-258.773193359375,197.08624267578125,36
-151.1685028076172,-161.41810607910156,-213.19137573242188,-258.773193359375,197.08624267578125,36
17.645103454589844,93.12049865722656,-168.0719451904297,-258.773193359375,197.08624267578125,36
-130.50706481933594,-157.60641479492188,-193.13623046875,-258.773193359375,197.08624267578125,36
-76.38928985595703,-160.98316955566406,-265.7056579589844,-265.7056579589844,197.08624267578125,36
-120.7337417602539,-137.63433837890625,-238.59271240234375,-265.7056579589844,197.08624267578125,36
20.502880096435547,42.90927505493164,-99.98833465576172,-265.7056579589844,197.08624267578125,36
-32.57865524291992,-53.12529754638672,-113.53902435302734,-265.7056579589844,197.08624267578125,36
-111.90888977050781,-136.3890380859375,-212.5349884033203,-265.7056579589844,197.08624267578125,36
-16.1138916015625,-61.50194549560547,-113.87020874023438,-265.7056579589844,197.08624267578125,36
-45.53507614135742,-68.96805572509766,-145.50733947753906,-265.7056579589844,197.08624267578125,36
-77.19220733642578,-91.45030975341797,-169.06039428710938,-265.7056579589844,197.08624267578125,36
-34.86075973510742,-55.66350555419922,-111.44116973876953,-265.7056579589844,197.08624267578125,36
66.75773620605469,102.4068374633789,-121.3532943725586,-265.7056579589844,197.08624267578125,36
-54.851009368896484,-104.36837005615234,-177.19625854492188,-265.7056579589844,197.08624267578125,36
-89.81897735595703,-104.23381805419922,-225.9784698486328,-265.7056579589844,197.08624267578125,36
-77.37333679199219,-122.39335632324219,-184.3011016845703,-265.7056579589844,197.08624267578125,36
-5.87578010559082,-53.65996551513672,-104.03857421875,-265.7056579589844,197.08624267578125,36
-19.56533432006836,-51.853275299072266,-160.17288208007812,-265.7056579589844,197.08624267578125,36
107.33222961425781,108.31278991699219,81.38775634765625,-265.7056579589844,197.08624267578125,36
81.47969818115234,107.44965362548828,-130.1374053955078,-265.7056579589844,197.08624267578125,36
-84.71813201904297,-98.26500701904297,-158.58352661132812,-265.7056579589844,197.08624267578125,36
-19.446239471435547,-62.84921646118164,-144.05397033691406,-265.7056579589844,197.08624267578125,36
-73.37046813964844,-100.59913635253906,-186.44851684570312,-265.7056579589844,197.08624267578125,36
89.9905014038086,102.60059356689453,-63.86956787109375,-265.7056579589844,197.08624267578125,36
-5.10473108291626,21.961469650268555,-140.13638305664062,-265.7056579589844,197.08624267578125,36
77.66667175292969,104.61409759521484,-74.26961517333984,-265.7056579589844,197.08624267578125,36
-40.547706604003906,-48.243553161621094,-118.82453155517578,-265.7056579589844,197.08624267578125,36
-29.983671188354492,-41.2078857421875,-139.46791076660156,-265.7056579589844,197.08624267578125,36
55.19240951538086,100.86126708984375,-96.68869018554688,-265.7056579589844,197.08624267578125,36
-26.75358772277832,-58.184356689453125,-106.67765045166016,-265.7056579589844,197.08624267578125,36
80.35899353027344,101.76271057128906,-126.81236267089844,-265.7056579589844,197.08624267578125,36
-121.11650085449219,-145.35606384277344,-230.42477416992188,-265.7056579589844,197.08624267578125,36
-34.23104476928711,-69.68895721435547,-216.61415100097656,-265.7056579589844,197.08624267578125,36
95.31031036376953,110.29405212402344,-51.99163818359375,-265.7056579589844,197.08624267578125,36
47.01243591308594,99.28422546386719,-109.98190307617188,-265.7056579589844,197.08624267578125,36
-71.33820343017578,-102.49275970458984,-176.0711212158203,-265.7056579589844,197.08624267578125,36
-57.72006607055664,-70.50425720214844,-132.524658203125,-265.7056579589844,197.08624267578125,36
82.74932861328125,103.79820251464844,-113.51683044433594,-265.7056579589844,197.08624267578125,36
-127.95765686035156,-141.9383087158203,-252.93540954589844,-265.7056579589844,197.08624267578125,36
102.33666229248047,107.2154541015625,33.23937225341797,-265.7056579589844,197.08624267578125,36
5.378335475921631,8.284832000732422,-132.28073120117188,-265.7056579589844,197.08624267578125,36
-14.588543891906738,-25.752111434936523,-120.15421295166016,-265.7056579589844,197.08624267578125,36
-89.79601287841797,-102.98511505126953,-183.04693603515625,-265.7056579589844,197.08624267578125,36
-91.59679412841797,-134.1848602294922,-235.34326171875,-265.7056579589844,197.08624267578125,36
-65.08440399169922,-140.45176696777344,-248.60855102539062,-265.7056579589844,197.08624267578125,36
67.73528289794922,102.01795196533203,-110.3746566772461,-265.7056579589844,197.08624267578125,36
-101.80474853515625,-133.9668731689453,-216.6289520263672,-265.7056579589844,197.08624267578125,36
83.11475372314453,109.97602844238281,-72.36122131347656,-265.7056579589844,197.08624267578125,36
-9.77612590789795,-32.57678985595703,-98.7919692993164,-265.7056579589844,197.08624267578125,36
39.769561767578125,93.45887756347656,-122.59980010986328,-265.7056579589844,197.08624267578125,36
-50.16167449951172,-72.25399780273438,-111.44951629638672,-265.7056579589844,197.08624267578125,36
-87.2015609741211,-154.78384399414062,-212.44859313964844,-265.7056579589844,197.08624267578125,36
-111.48126220703125,-155.2801055908203,-226.78604125976562,-265.7056579589844,197.08624267578125,36
-157.74911499023438,-174.58824157714844,-226.06039428710938,-265.7056579589844,197.08624267578125,36
-0.5478488802909851,79.85379028320312,-235.86953735351562,-265.7056579589844,197.08624267578125,36
88.63490295410156,111.47599029541016,-93.99260711669922,-265.7056579589844,197.08624267578125,36
-39.68631362915039,-123.15727996826172,-182.09153747558594,-265.7056579589844,197.08624267578125,36
69.74320220947266,99.42971801757812,-106.75860595703125,-265.7056579589844,197.08624267578125,36
-87.13518524169922,-105.73307037353516,-196.16932678222656,-265.7056579589844,197.08624267578125,36
70.62865447998047,111.29833984375,-89.85212707519531,-265.7056579589844,197.08624267578125,36
7.895016193389893,-12.491064071655273,-120.25909423828125,-265.7056579589844,197.08624267578125,36
-86.22079467773438,-107.8051528930664,-181.176025390625,-265.7056579589844,197.08624267578125,36
-76.19129943847656,-95.41656494140625,-163.626953125,-265.7056579589844,197.08624267578125,36
-19.60867691040039,31.622360229492188,-195.40313720703125,-265.7056579589844,197.08624267578125,36
37.68800735473633,76.93830108642578,-118.90691375732422,-265.7056579589844,197.08624267578125,36
-26.05154800415039,-43.0130615234375,-158.09251403808594,-265.7056579589844,197.08624267578125,36
-23.073863983154297,-55.26120376586914,-130.59481811523438,-265.7056579589844,197.08624267578125,36
-118.35538482666016,-137.95614624023438,-225.8915252685547,-265.7056579589844,197.08624267578125,36
-87.23726654052734,-113.48859405517578,-246.5357208251953,-265.7056579589844,197.08624267578125,36
-31.876893997192383,-69.60941314697266,-129.81748962402344,-265.7056579589844,197.08624267578125,36
83.16954803466797,101.43156433105469,-106.8133773803711,-265.7056579589844,197.08624267578125,36
40.05738067626953,75.01904296875,-114.4167709350586,-265.7056579589844,197.08624267578125,36
-70.65875244140625,-120.23658752441406,-170.53465270996094,-265.7056579589844,197.08624267578125,36
-68.27136993408203,-66.1715087890625,-117.53015899658203,-265.7056579589844,197.08624267578125,36
51.0439338684082,99.01274871826172,-85.02621459960938,-265.7056579589844,197.08624267578125,36
55.73271942138672,103.86624145507812,-96.66071319580078,-265.7056579589844,197.08624267578125,36
58.047203063964844,99.3754653930664,-121.095458984375,-265.7056579589844,197.08624267578125,36
4.7570719718933105,4.922610759735107,-108.70415496826172,-265.7056579589844,197.08624267578125,36
70.35011291503906,103.76856231689453,-111.42113494873047,-265.7056579589844,197.08624267578125,36
-101.2266616821289,-108.28359985351562,-199.672119140625,-265.7056579589844,197.08624267578125,36
-68.98311614990234,-71.60596466064453,-105.03202056884766,-265.7056579589844,197.08624267578125,36
-61.7125129699707,-72.25536346435547,-141.4567413330078,-265.7056579589844,197.08624267578125,36
-51.1912956237793,-91.35111236572266,-163.65011596679688,-265.7056579589844,197.08624267578125,36
52.224456787109375,105.90116882324219,-95.55773162841797,-265.7056579589844,197.08624267578125,36
-141.4242706298828,-159.22865295410156,-227.94569396972656,-265.7056579589844,197.08624267578125,36
-109.1999282836914,-144.7469482421875,-216.228271484375,-265.7056579589844,197.08624267578125,36
-23.0848331451416,-100.74967956542969,-182.99522399902344,-265.7056579589844,197.08624267578125,36
53.990360260009766,98.22447967529297,-122.19465637207031,-265.7056579589844,197.08624267578125,36
58.96760940551758,92.42623138427734,-103.78855895996094,-265.7056579589844,197.08624267578125,36
29.62917137145996,83.65303039550781,-120.9095230102539,-265.7056579589844,197.08624267578125,36
-99.52123260498047,-105.30735778808594,-215.8677520751953,-265.7056579589844,197.08624267578125,36
-4.6945719718933105,-19.988222122192383,-119.58696746826172,-265.7056579589844,197.08624267578125,36
-24.68377113342285,-25.589584350585938,-67.46556091308594,-265.7056579589844,197.08624267578125,36
-89.7528305053711,-92.50747680664062,-189.337646484375,-265.7056579589844,197.08624267578125,36
-73.95142364501953,-104.99730682373047,-163.30914306640625,-265.7056579589844,197.08624267578125,36
-45.68366622924805,-47.341732025146484,-131.89962768554688,-265.7056579589844,197.08624267578125,36
-9.371472358703613,20.171005249023438,-145.56358337402344,-265.7056579589844,197.08624267578125,36
73.68728637695312,107.52944946289062,-101.98401641845703,-265.7056579589844,197.08624267578125,36
-38.512733459472656,-60.74198532104492,-194.42015075683594,-265.7056579589844,197.08624267578125,36
77.5353775024414,105.97675323486328,-124.67787170410156,-265.7056579589844,197.08624267578125,36
-95.3085708618164,-90.71829223632812,-178.73269653320312,-265.7056579589844,197.08624267578125,36
-118.14266204833984,-150.9477996826172,-208.39031982421875,-265.7056579589844,197.08624267578125,36
67.46737670898438,109.38981628417969,-143.21334838867188,-265.7056579589844,197.08624267578125,36
51.728599548339844,99.42887115478516,-124.14633178710938,-265.7056579589844,197.08624267578125,36
-68.75291442871094,-90.56883239746094,-174.52174377441406,-265.7056579589844,197.08624267578125,36
33.998836517333984,85.763427734375,-181.54757690429688,-265.7056579589844,197.08624267578125,36
-56.44684600830078,-73.06781005859375,-131.8536376953125,-265.7056579589844,197.08624267578125,36
27.40812110900879,102.20610046386719,-129.96316528320312,-265.7056579589844,197.08624267578125,36
-27.608898162841797,-64.15441131591797,-172.54598999023438,-265.7056579589844,197.08624267578125,36
-0.2803148925304413,-49.178157806396484,-129.16477966308594,-265.7056579589844,197.08624267578125,36
-24.12959861755371,-22.467374801635742,-161.6905059814453,-265.7056579589844,197.08624267578125,36
3.3295493125915527,24.474313735961914,-134.82431030273438,-265.7056579589844,197.08624267578125,36
-60.721649169921875,-90.18394470214844,-166.4371795654297,-265.7056579589844,197.08624267578125,36
-63.660423278808594,-109.79011535644531,-184.26611328125,-265.7056579589844,197.08624267578125,36
-71.98886108398438,-129.0872344970703,-213.7818603515625,-265.7056579589844,197.08624267578125,36
18.82339859008789,1.0445808172225952,-59.875667572021484,-265.7056579589844,197.08624267578125,36
-37.0178337097168,-125.31854248046875,-184.57205200195312,-265.7056579589844,197.08624267578125,36
42.706478118896484,52.40383529663086,-90.00789642333984,-265.7056579589844,197.08624267578125,36
-33.24951171875,-52.868141174316406,-162.05307006835938,-265.7056579589844,197.08624267578125,36
-14.159261703491211,36.4440803527832,-231.7660675048828,-265.7056579589844,197.08624267578125,36
25.67670249938965,26.19491195678711,-58.904823303222656,-265.7056579589844,197.08624267578125,36
-92.09144592285156,-163.11407470703125,-254.8806610107422,-265.7056579589844,197.08624267578125,36
-4.53103494644165,-18.39620590209961,-72.62522888183594,-265.7056579589844,197.08624267578125,36
-45.169456481933594,-101.24369049072266,-164.32298278808594,-265.7056579589844,197.08624267578125,36
-34.40380096435547,-54.538818359375,-108.2987289428711,-265.7056579589844,197.08624267578125,36
13.939192771911621,4.643537521362305,-89.56816864013672,-265.7056579589844,197.08624267578125,36
78.3429183959961,105.88772583007812,-143.1047821044922,-265.7056579589844,197.08624267578125,36
-16.67201042175293,-38.23751449584961,-109.90742492675781,-265.7056579589844,197.08624267578125,36
15.68232250213623,-9.530198097229004,-65.34465789794922,-265.7056579589844,197.08624267578125,36
-84.9630355834961,-112.75056457519531,-174.06524658203125,-265.7056579589844,197.08624267578125,36
22.358596801757812,105.0791015625,-164.7999725341797,-265.7056579589844,197.08624267578125,36
83.1460189819336,101.11315155029297,-120.16919708251953,-265.7056579589844,197.08624267578125,36
9.702008247375488,10.605833053588867,-54.74285125732422,-265.7056579589844,197.08624267578125,36
-63.456085205078125,-75.06234741210938,-164.4707489013672,-265.7056579589844,197.08624267578125,36
84.18480682373047,102.15980529785156,-114.84009552001953,-265.7056579589844,197.08624267578125,36
-130.68157958984375,-161.9612579345703,-233.8234100341797,-265.7056579589844,197.08624267578125,36
89.61808013916016,105.3812026977539,-144.5706787109375,-265.7056579589844,197.08624267578125,36
36.63188934326172,88.19233703613281,-164.353759765625,-265.7056579589844,197.08624267578125,36
40.5102653503418,62.86110305786133,-129.25668334960938,-265.7056579589844,197.08624267578125,36
-110.2334213256836,-123.71569061279297,-171.12596130371094,-265.7056579589844,197.08624267578125,36
-87.47953796386719,-109.69176483154297,-176.5157928466797,-265.7056579589844,197.08624267578125,36
-14.51502513885498,-18.445470809936523,-67.2414779663086,-265.7056579589844,197.08624267578125,36
64.6126708984375,90.79436492919922,-137.940185546875,-265.7056579589844,197.08624267578125,36
5.323614597320557,69.76583099365234,-146.06570434570312,-265.7056579589844,197.08624267578125,36
-85.76763916015625,-109.12027740478516,-158.5939178466797,-265.7056579589844,197.08624267578125,36
-103.77913665771484,-126.64910125732422,-174.6455078125,-265.7056579589844,197.08624267578125,36
29.911785125732422,108.41407775878906,-143.3138885498047,-265.7056579589844,197.08624267578125,36
-37.49346160888672,-51.50325012207031,-101.74214172363281,-265.7056579589844,197.08624267578125,36
-50.602718353271484,-72.09954833984375,-113.16477966308594,-265.7056579589844,197.08624267578125,36
-90.19905090332031,-148.6153564453125,-205.32394409179688,-265.7056579589844,197.08624267578125,36
45.152584075927734,80.03688049316406,-175.95654296875,-265.7056579589844,197.08624267578125,36
-87.59774780273438,-103.90998840332031,-189.26437377929688,-265.7056579589844,197.08624267578125,36
-8.878235816955566,13.30993366241455,-163.51895141601562,-265.7056579589844,197.08624267578125,36
-59.80363082885742,-107.04593658447266,-211.58541870117188,-265.7056579589844,197.08624267578125,36
-25.872570037841797,-17.718050003051758,-153.98106384277344,-265.7056579589844,197.08624267578125,36
-31.058931350708008,-77.05631256103516,-161.72393798828125,-265.7056579589844,197.08624267578125,36
-42.38118362426758,-56.69282150268555,-124.25914764404297,-265.7056579589844,197.08624267578125,36
-84.85945129394531,-117.26504516601562,-224.74639892578125,-265.7056579589844,197.08624267578125,36
-61.4085693359375,-66.58570098876953,-107.66307067871094,-265.7056579589844,197.08624267578125,36
-18.183849334716797,34.0347785949707,-173.27487182617188,-265.7056579589844,197.08624267578125,36
-68.7624282836914,-130.49276733398438,-211.0558319091797,-265.7056579589844,197.08624267578125,36
3.316981792449951,-11.084397315979004,-77.26654815673828,-265.7056579589844,197.08624267578125,36
8.79471492767334,97.44017028808594,-164.52618408203125,-265.7056579589844,197.08624267578125,36
-118.11043548583984,-164.70147705078125,-263.71099853515625,-265.7056579589844,197.08624267578125,36
-3.772589683532715,47.191619873046875,-152.9738006591797,-265.7056579589844,197.08624267578125,36
-77.31153869628906,-170.0253143310547,-223.87890625,-265.7056579589844,197.08624267578125,36
-100.57565307617188,-130.50115966796875,-185.7861328125,-265.7056579589844,197.08624267578125,36
-36.4610710144043,-64.42780303955078,-167.98843383789062,-265.7056579589844,197.08624267578125,36
-48.10698318481445,-101.38282775878906,-187.86875915527344,-265.7056579589844,197.08624267578125,36
-33.35100173950195,-64.53429412841797,-171.3096160888672,-265.7056579589844,197.08624267578125,36
6.920721530914307,3.530949831008911,-66.09644317626953,-265.7056579589844,197.08624267578125,36
13.835596084594727,9.284613609313965,-24.814208984375,-265.7056579589844,197.08624267578125,36
2.320526123046875,-12.862077713012695,-65.62064361572266,-265.7056579589844,197.08624267578125,36
-49.778778076171875,-71.75093078613281,-152.7733917236328,-265.7056579589844,197.08624267578125,36
1.5571391582489014,-12.867918968200684,-117.9958724975586,-265.7056579589844,197.08624267578125,36
-14.823652267456055,30.387310028076172,-202.24229431152344,-265.7056579589844,197.08624267578125,36
-9.90918254852295,-10.547789573669434,-129.9897918701172,-265.7056579589844,197.08624267578125,36
43.952056884765625,94.80034637451172,-179.00588989257812,-265.7056579589844,197.08624267578125,36
-20.02151870727539,-15.401323318481445,-111.97881317138672,-265.7056579589844,197.08624267578125,36
73.26371002197266,108.36676788330078,-138.66055297851562,-265.7056579589844,197.08624267578125,36
44.340885162353516,91.96287536621094,-133.44708251953125,-265.7056579589844,197.08624267578125,36
-66.71405792236328,-83.33242797851562,-204.50193786621094,-265.7056579589844,197.08624267578125,36
55.843231201171875,88.80718231201172,-141.75439453125,-265.7056579589844,197.08624267578125,36
-81.80353546142578,-95.16266632080078,-216.25587463378906,-265.7056579589844,197.08624267578125,36
1.3607734441757202,67.29044342041016,-171.588134765625,-265.7056579589844,197.08624267578125,36
-30.452211380004883,-63.94393539428711,-129.4464111328125,-265.7056579589844,197.08624267578125,36
-60.209815979003906,-90.8459701538086,-209.96693420410156,-265.7056579589844,197.08624267578125,36
-18.90183448791504,-72.3790054321289,-141.4066162109375,-265.7056579589844,197.08624267578125,36
-86.8762435913086,-103.16360473632812,-174.58624267578125,-265.7056579589844,197.08624267578125,36
-133.6334228515625,-204.56996154785156,-259.3395690917969,-265.7056579589844,197.08624267578125,36
-112.55474853515625,-190.7830352783203,-266.48028564453125,-266.48028564453125,197.08624267578125,36
-73.43563842773438,-124.7552261352539,-205.99266052246094,-266.48028564453125,197.08624267578125,36
17.651517868041992,17.720056533813477,-57.74654006958008,-266.48028564453125,197.08624267578125,36
-11.959136009216309,-23.301130294799805,-76.57502746582031,-266.48028564453125,197.08624267578125,36
-29.601673126220703,-31.633581161499023,-161.71063232421875,-266.48028564453125,197.08624267578125,36
28.794153213500977,90.40408325195312,-179.0835418701172,-266.48028564453125,197.08624267578125,36
2.120953321456909,4.4792799949646,-51.7371826171875,-266.48028564453125,197.08624267578125,36
-4.915489673614502,-17.74410629272461,-68.95632934570312,-266.48028564453125,197.08624267578125,36
22.072769165039062,44.786128997802734,-81.95722198486328,-266.48028564453125,197.08624267578125,36
-68.87642669677734,-106.27094268798828,-139.70794677734375,-266.48028564453125,197.08624267578125,36
-20.53346061706543,-55.532997131347656,-163.77650451660156,-266.48028564453125,197.08624267578125,36
-107.22191619873047,-137.9866180419922,-187.28323364257812,-266.48028564453125,197.08624267578125,36
-9.306331634521484,32.16754150390625,-153.6699676513672,-266.48028564453125,197.08624267578125,36
-105.3412857055664,-125.2689437866211,-217.7168731689453,-266.48028564453125,197.08624267578125,36
-3.4014408588409424,-21.219532012939453,-107.8968734741211,-266.48028564453125,197.08624267578125,36
-46.68305206298828,-99.19371032714844,-196.0960235595703,-266.48028564453125,197.08624267578125,36
-71.96803283691406,-130.33822631835938,-190.07113647460938,-266.48028564453125,197.08624267578125,36
20.8259220123291,62.438514709472656,-166.6699981689453,-266.48028564453125,197.08624267578125,36
-88.81184387207031,-105.52391815185547,-251.1769561767578,-266.48028564453125,197.08624267578125,36
21.37680435180664,37.345054626464844,-96.49874877929688,-266.48028564453125,197.08624267578125,36
20.49390983581543,32.81313705444336,-104.38793182373047,-266.48028564453125,197.08624267578125,36
-58.760398864746094,-124.05236053466797,-254.0455780029297,-266.48028564453125,197.08624267578125,36
-62.216915130615234,-103.35198974609375,-154.54888916015625,-266.48028564453125,197.08624267578125,36
-62.76518630981445,-136.44113159179688,-208.60372924804688,-266.48028564453125,197.08624267578125,36
-70.22510528564453,-159.69711303710938,-246.46336364746094,-266.48028564453125,197.08624267578125,36
23.134197235107422,14.207053184509277,-41.190284729003906,-266.48028564453125,197.08624267578125,36
20.243099212646484,-1.2732638120651245,-63.999305725097656,-266.48028564453125,197.08624267578125,36
-7.855654716491699,-24.622085571289062,-77.58316040039062,-266.48028564453125,197.08624267578125,36
-88.3214111328125,-124.31150817871094,-197.29002380371094,-266.48028564453125,197.08624267578125,36
-69.85333251953125,-119.58055877685547,-178.1619110107422,-266.48028564453125,197.08624267578125,36
2.1206552982330322,-12.175968170166016,-92.0235824584961,-266.48028564453125,197.08624267578125,36
8.305990219116211,-4.663699150085449,-105.52885437011719,-266.48028564453125,197.08624267578125,36
-7.968929290771484,-25.272205352783203,-193.6028594970703,-266.48028564453125,197.08624267578125,36
27.513303756713867,74.15130615234375,-149.3463592529297,-266.48028564453125,197.08624267578125,36
-37.28437423706055,-60.10543441772461,-173.484130859375,-266.48028564453125,197.08624267578125,36
-57.72394943237305,-107.62057495117188,-158.61387634277344,-266.48028564453125,197.08624267578125,36
-31.874116897583008,-72.43376922607422,-160.15576171875,-266.48028564453125,197.08624267578125,36
-65.13346099853516,-91.91602325439453,-181.96926879882812,-266.48028564453125,197.08624267578125,36
-73.4915771484375,-143.06094360351562,-204.406494140625,-266.48028564453125,197.08624267578125,36
-35.097206115722656,-12.495843887329102,-204.57186889648438,-266.48028564453125,197.08624267578125,36
-112.74198913574219,-160.50759887695312,-261.2073669433594,-266.48028564453125,197.08624267578125,36
-50.629581451416016,-76.02417755126953,-174.9101104736328,-266.48028564453125,197.08624267578125,36
-88.94542694091797,-147.6536865234375,-248.78346252441406,-266.48028564453125,197.08624267578125,36
-42.105472564697266,-125.89796447753906,-176.96038818359375,-266.48028564453125,197.08624267578125,36
-65.42932891845703,-151.20872497558594,-193.30369567871094,-266.48028564453125,197.08624267578125,36
-49.04570770263672,-159.41705322265625,-205.44325256347656,-266.48028564453125,197.08624267578125,36
-70.17317199707031,-132.96340942382812,-187.72201538085938,-266.48028564453125,197.08624267578125,36
37.557220458984375,41.507205963134766,-93.2103271484375,-266.48028564453125,197.08624267578125,36
-79.6812515258789,-113.0614242553711,-187.621337890625,-266.48028564453125,197.08624267578125,36
-132.7712860107422,-193.93202209472656,-243.3033447265625,-266.48028564453125,197.08624267578125,36
-119.64151763916016,-175.58807373046875,-231.81292724609375,-266.48028564453125,197.08624267578125,36
-63.9692268371582,-49.26688766479492,-237.6842803955078,-266.48028564453125,197.08624267578125,36
-64.11277770996094,-124.53294372558594,-232.8011474609375,-266.48028564453125,197.08624267578125,36
-8.2485933303833,23.119678497314453,-158.78311157226562,-266.48028564453125,197.08624267578125,36
12.1347074508667,13.86173152923584,-147.48446655273438,-266.48028564453125,197.08624267578125,36
4.299440383911133,40.6900749206543,-116.46925354003906,-266.48028564453125,197.08624267578125,36
-83.7368392944336,-143.32473754882812,-193.1096649169922,-266.48028564453125,197.08624267578125,36
-45.888206481933594,-118.07819366455078,-212.9874267578125,-266.48028564453125,197.08624267578125,36
-0.28401482105255127,-13.006155967712402,-103.47401428222656,-266.48028564453125,197.08624267578125,36
-14.26858901977539,-32.338218688964844,-92.70418548583984,-266.48028564453125,197.08624267578125,36
-51.50534439086914,-115.49104309082031,-211.7279815673828,-266.48028564453125,197.08624267578125,36
-14.080863952636719,60.0440673828125,-199.53257751464844,-266.48028564453125,197.08624267578125,36
-74.78862762451172,-126.69149017333984,-254.79519653320312,-266.48028564453125,197.08624267578125,36
-128.84226989746094,-161.76589965820312,-200.9981689453125,-266.48028564453125,197.08624267578125,36
-28.83148193359375,-97.92739868164062,-181.1538848876953,-266.48028564453125,197.08624267578125,36
-58.71690368652344,-132.7886505126953,-185.16262817382812,-266.48028564453125,197.08624267578125,36
-89.22533416748047,-184.20462036132812,-207.495849609375,-266.48028564453125,197.08624267578125,36
-42.675941467285156,-62.67426300048828,-199.8939208984375,-266.48028564453125,197.08624267578125,36
-127.10101318359375,-196.47528076171875,-264.53118896484375,-266.48028564453125,197.08624267578125,36
28.48898696899414,36.83688735961914,-60.055240631103516,-266.48028564453125,197.08624267578125,36
17.168750762939453,110.32467651367188,-209.8506622314453,-266.48028564453125,197.08624267578125,36
-127.29798889160156,-188.74172973632812,-264.1218566894531,-266.48028564453125,197.08624267578125,36
-79.44031524658203,-103.00482177734375,-218.3355255126953,-266.48028564453125,197.08624267578125,36
-89.0743179321289,-134.9095916748047,-210.7798614501953,-266.48028564453125,197.08624267578125,36
10.301939964294434,37.35813903808594,-108.26988983154297,-266.48028564453125,197.08624267578125,36
-100.58024597167969,-136.75180053710938,-204.8220977783203,-266.48028564453125,197.08624267578125,36
0.793548583984375,13.629117965698242,-181.32415771484375,-266.48028564453125,197.08624267578125,36
-125.3388671875,-181.21751403808594,-211.09115600585938,-266.48028564453125,197.08624267578125,36
-128.30453491210938,-195.70556640625,-245.85482788085938,-266.48028564453125,197.08624267578125,36
-131.1348876953125,-173.3912353515625,-203.11904907226562,-266.48028564453125,197.08624267578125,36
21.521167755126953,8.329804420471191,-72.46576690673828,-266.48028564453125,197.08624267578125,36
-66.80260467529297,-126.7927474975586,-196.31317138671875,-266.48028564453125,197.08624267578125,36
-134.26487731933594,-173.52468872070312,-228.82814025878906,-266.48028564453125,197.08624267578125,36
43.24403762817383,35.200801849365234,-79.26402282714844,-266.48028564453125,197.08624267578125,36
1.022007703781128,-6.5899224281311035,-55.8670539855957,-266.48028564453125,197.08624267578125,36
-3.2512238025665283,-21.387664794921875,-98.68116760253906,-266.48028564453125,197.08624267578125,36
-124.46057891845703,-167.64012145996094,-209.75523376464844,-266.48028564453125,197.08624267578125,36
-158.21728515625,-166.94346618652344,-223.99862670898438,-266.48028564453125,197.08624267578125,36
2.441528558731079,49.674171447753906,-210.4307861328125,-266.48028564453125,197.08624267578125,36
4.942320346832275,-15.714272499084473,-95.42391204833984,-266.48028564453125,197.08624267578125,36
-72.5821762084961,-128.15406799316406,-205.44288635253906,-266.48028564453125,197.08624267578125,36
67.15219116210938,98.41156768798828,-48.53525924682617,-266.48028564453125,197.08624267578125,36
-149.64317321777344,-171.2721710205078,-220.3839569091797,-266.48028564453125,197.08624267578125,36
-98.80816650390625,-185.8622283935547,-226.49000549316406,-266.48028564453125,197.08624267578125,36
-61.012203216552734,-172.06967163085938,-213.14312744140625,-266.48028564453125,197.08624267578125,36
-33.81657791137695,-75.4107666015625,-175.17608642578125,-266.48028564453125,197.08624267578125,36
-146.0364227294922,-215.9954071044922,-266.17352294921875,-266.48028564453125,197.08624267578125,36
-87.77981567382812,-182.0673828125,-213.89173889160156,-266.48028564453125,197.08624267578125,36
-71.68274688720703,-157.617919921875,-205.8790740966797,-266.48028564453125,197.08624267578125,36
32.902706146240234,30.142093658447266,-29.528472900390625,-266.48028564453125,197.08624267578125,36
-55.1590461730957,-117.14338684082031,-199.7694854736328,-266.48028564453125,197.08624267578125,36
31.130464553833008,13.768338203430176,-45.132076263427734,-266.48028564453125,197.08624267578125,36
-42.191810607910156,-9.420818328857422,-215.37327575683594,-266.48028564453125,197.08624267578125,36
19.89497184753418,75.69336700439453,-159.97824096679688,-266.48028564453125,197.08624267578125,36
-86.58722686767578,-91.11068725585938,-263.5829162597656,-266.48028564453125,197.08624267578125,36
51.27068328857422,48.2324104309082,-10.62801742553711,-266.48028564453125,197.08624267578125,36
-95.60750579833984,-136.99644470214844,-188.3891143798828,-266.48028564453125,197.08624267578125,36
35.933509826660156,12.464082717895508,-56.04155349731445,-266.48028564453125,197.08624267578125,36
-115.39617919921875,-184.4413604736328,-263.2663879394531,-266.48028564453125,197.08624267578125,36
-106.55623626708984,-160.39804077148438,-222.02410888671875,-266.48028564453125,197.08624267578125,36
35.7397346496582,12.360626220703125,-43.59803771972656,-266.48028564453125,197.08624267578125,36
-134.52017211914062,-206.42491149902344,-264.5118713378906,-266.48028564453125,197.08624267578125,36
-122.01356506347656,-131.76486206054688,-243.60670471191406,-266.48028564453125,197.08624267578125,36
-60.479278564453125,-170.2228546142578,-207.66159057617188,-266.48028564453125,197.08624267578125,36
-32.571922302246094,4.5780720710754395,-240.7427215576172,-266.48028564453125,197.08624267578125,36
-122.96094512939453,-144.3487548828125,-205.83653259277344,-266.48028564453125,197.08624267578125,36
-89.24039459228516,-65.57192993164062,-273.4473571777344,-273.4473571777344,197.08624267578125,36
-136.90679931640625,-186.98092651367188,-209.06314086914062,-273.4473571777344,197.08624267578125,36
-97.2265625,-127.35411834716797,-269.6645202636719,-273.4473571777344,197.08624267578125,36
-117.12678527832031,-138.42764282226562,-267.3475341796875,-273.4473571777344,197.08624267578125,36
-66.72149658203125,-94.73436737060547,-230.46893310546875,-273.4473571777344,197.08624267578125,36
-56.185951232910156,-84.2313461303711,-178.1113739013672,-273.4473571777344,197.08624267578125,36
6.25269889831543,-7.8104753494262695,-71.48270416259766,-273.4473571777344,197.08624267578125,36
-120.96627807617188,-179.81072998046875,-205.84266662597656,-273.4473571777344,197.08624267578125,36
-0.46149542927742004,-12.902263641357422,-129.31610107421875,-273.4473571777344,197.08624267578125,36
-157.8747100830078,-189.31344604492188,-211.34732055664062,-273.4473571777344,197.08624267578125,36
-72.36974334716797,-144.85401916503906,-223.1206512451172,-273.4473571777344,197.08624267578125,36
-84.8860855102539,-107.6357192993164,-212.4569549560547,-273.4473571777344,197.08624267578125,36
-42.104862213134766,-3.3671908378601074,-203.32131958007812,-273.4473571777344,197.08624267578125,36
-86.77196502685547,-107.32376861572266,-262.26123046875,-273.4473571777344,197.08624267578125,36
6.74216365814209,-4.1634721755981445,-53.61113357543945,-273.4473571777344,197.08624267578125,36
-36.14952087402344,-48.05928039550781,-105.98538208007812,-273.4473571777344,197.08624267578125,36
-113.2483901977539,-171.7142333984375,-212.51597595214844,-273.4473571777344,197.08624267578125,36
-7.494046211242676,83.73561096191406,-206.33082580566406,-273.4473571777344,197.08624267578125,36
-58.251747131347656,-41.39077377319336,-200.9318389892578,-273.4473571777344,197.08624267578125,36
-93.17190551757812,-100.12322998046875,-189.14468383789062,-273.4473571777344,197.08624267578125,36
-121.91675567626953,-186.24017333984375,-217.86407470703125,-273.4473571777344,197.08624267578125,36
-76.77788543701172,-82.00086212158203,-176.34823608398438,-273.4473571777344,197.08624267578125,36
-5.96323823928833,-20.979188919067383,-85.00267028808594,-273.4473571777344,197.08624267578125,36
-61.295833587646484,-170.29388427734375,-222.98297119140625,-273.4473571777344,197.08624267578125,36
-98.56029510498047,-186.16836547851562,-213.36474609375,-273.4473571777344,197.08624267578125,36
-78.8114013671875,-178.59014892578125,-214.21450805664062,-273.4473571777344,197.08624267578125,36
-125.43929290771484,-169.57839965820312,-193.938720703125,-273.4473571777344,197.08624267578125,36
-206.9778594970703,-235.3479461669922,-268.5317687988281,-273.4473571777344,197.08624267578125,36
-78.52037048339844,-167.60342407226562,-215.44764709472656,-273.4473571777344,197.08624267578125,36
-85.17046356201172,-102.4483413696289,-221.1643524169922,-273.4473571777344,197.08624267578125,36
-95.22569274902344,-203.675048828125,-237.56716918945312,-273.4473571777344,197.08624267578125,36
-2.1515958309173584,108.7976303100586,-216.16490173339844,-273.4473571777344,197.08624267578125,36
-102.94914245605469,-176.2976837158203,-201.01234436035156,-273.4473571777344,197.08624267578125,36
-72.03681182861328,-167.33592224121094,-217.92832946777344,-273.4473571777344,197.08624267578125,36
33.728004455566406,27.25591468811035,-52.20378112792969,-273.4473571777344,197.08624267578125,36
-4.275692939758301,70.18521118164062,-227.50306701660156,-273.4473571777344,197.08624267578125,36
-164.9736785888672,-209.16786193847656,-239.8328857421875,-273.4473571777344,197.08624267578125,36
-20.892444610595703,-38.42634963989258,-108.8093490600586,-273.4473571777344,197.08624267578125,36
-136.89813232421875,-161.51724243164062,-221.9061279296875,-273.4473571777344,197.08624267578125,36
-91.9581527709961,-161.2152862548828,-197.7025909423828,-273.4473571777344,197.08624267578125,36
-111.72571563720703,-178.0734405517578,-221.6222686767578,-273.4473571777344,197.08624267578125,36
-55.624237060546875,-14.946532249450684,-256.931396484375,-273.4473571777344,197.08624267578125,36
-109.45365905761719,-193.26284790039062,-220.5907440185547,-273.4473571777344,197.08624267578125,36
18.43097496032715,107.24620056152344,-195.23358154296875,-273.4473571777344,197.08624267578125,36
-109.49418640136719,-194.60755920410156,-218.66847229003906,-273.4473571777344,197.08624267578125,36
-148.4122772216797,-228.96096801757812,-263.6716613769531,-273.4473571777344,197.08624267578125,36
45.97607421875,51.96111297607422,-64.02249908447266,-273.4473571777344,197.08624267578125,36
-135.69557189941406,-134.5755157470703,-239.17263793945312,-273.4473571777344,197.08624267578125,36
-176.8001708984375,-194.754150390625,-266.8158874511719,-273.4473571777344,197.08624267578125,36
68.97846984863281,112.51751708984375,-164.7188262939453,-273.4473571777344,197.08624267578125,36
-108.11730194091797,-163.85057067871094,-203.07408142089844,-273.4473571777344,197.08624267578125,36
-189.15554809570312,-205.06431579589844,-266.5294189453125,-273.4473571777344,197.08624267578125,36
-135.34011840820312,-189.36065673828125,-255.81512451171875,-273.4473571777344,197.08624267578125,36
-79.4895248413086,-110.15972137451172,-244.8006134033203,-273.4473571777344,197.08624267578125,36
-67.71055603027344,-121.52436828613281,-230.46827697753906,-273.4473571777344,197.08624267578125,36
-197.8923797607422,-256.5799865722656,-267.1409912109375,-273.4473571777344,197.08624267578125,36
-15.533330917358398,-32.82093811035156,-107.49507904052734,-273.4473571777344,197.08624267578125,36
-46.0407600402832,-67.42985534667969,-209.26458740234375,-273.4473571777344,197.08624267578125,36
-180.5083465576172,-207.26095581054688,-264.4936828613281,-273.4473571777344,197.08624267578125,36
-156.74879455566406,-203.66339111328125,-267.3156433105469,-273.4473571777344,197.08624267578125,36
18.473804473876953,15.78200626373291,-87.44115447998047,-273.4473571777344,197.08624267578125,36
-24.491008758544922,81.51898193359375,-200.36717224121094,-273.4473571777344,197.08624267578125,36
-172.87750244140625,-184.13243103027344,-243.6657257080078,-273.4473571777344,197.08624267578125,36
7.342917442321777,76.14313507080078,-173.83851623535156,-273.4473571777344,197.08624267578125,36
-29.60385513305664,-11.310779571533203,-196.882568359375,-273.4473571777344,197.08624267578125,36
3.972137212753296,-17.477426528930664,-93.54337310791016,-273.4473571777344,197.08624267578125,36
-74.07689666748047,-160.99118041992188,-203.83982849121094,-273.4473571777344,197.08624267578125,36
-89.22989654541016,-89.16114807128906,-170.1693572998047,-273.4473571777344,197.08624267578125,36
-18.387561798095703,99.23800659179688,-218.57485961914062,-273.4473571777344,197.08624267578125,36
-131.2276611328125,-184.8889617919922,-213.6409912109375,-273.4473571777344,197.08624267578125,36
-156.00680541992188,-186.10614013671875,-267.04217529296875,-273.4473571777344,197.08624267578125,36
-13.033232688903809,65.87918090820312,-255.8136749267578,-273.4473571777344,197.08624267578125,36
-5.388556480407715,-18.71344757080078,-88.27134704589844,-273.4473571777344,197.08624267578125,36
-164.69320678710938,-169.98793029785156,-258.5299987792969,-273.4473571777344,197.08624267578125,36
-140.50738525390625,-241.649658203125,-270.3873291015625,-273.4473571777344,197.08624267578125,36
-27.242158889770508,-21.296751022338867,-186.41400146484375,-273.4473571777344,197.08624267578125,36
-176.03768920898438,-225.8087615966797,-264.314208984375,-273.4473571777344,197.08624267578125,36
-107.06816101074219,-112.65328979492188,-226.76181030273438,-273.4473571777344,197.08624267578125,36
-157.9300079345703,-225.28306579589844,-269.1563415527344,-273.4473571777344,197.08624267578125,36
-153.57217407226562,-214.01626586914062,-262.2388610839844,-273.4473571777344,197.08624267578125,36
-136.38504028320312,-231.13243103027344,-274.25445556640625,-274.25445556640625,197.08624267578125,36
10.086697578430176,-3.5766282081604004,-64.68988037109375,-274.25445556640625,197.08624267578125,36
