mean_eval,median_eval,pop_best_eval,best_eval,worst_eval,no_envs
89.79305267333984,115.28437805175781,6.823654651641846,6.823654651641846,120.81767272949219,36
66.08551025390625,106.08708190917969,4.7218427658081055,4.7218427658081055,120.81767272949219,36
72.56726837158203,109.71276092529297,1.7158715724945068,1.7158715724945068,120.99794006347656,36
82.52481079101562,108.46641540527344,4.8899922370910645,1.7158715724945068,120.99794006347656,36
71.53926086425781,99.91267395019531,4.975368022918701,1.7158715724945068,122.11776733398438,36
84.07330322265625,111.49739837646484,6.250617504119873,1.7158715724945068,122.11776733398438,36
87.60066986083984,109.0609359741211,9.995223045349121,1.7158715724945068,125.65149688720703,36
82.45020294189453,111.1181411743164,3.5658962726593018,1.7158715724945068,125.65149688720703,36
78.6735610961914,94.92044067382812,10.491997718811035,1.7158715724945068,140.3773651123047,36
60.29595184326172,31.789295196533203,5.994943618774414,1.7158715724945068,140.3773651123047,36
79.3224868774414,113.60559844970703,-1.1935462951660156,-1.1935462951660156,140.3773651123047,36
56.235111236572266,27.838064193725586,2.588266611099243,-1.1935462951660156,140.3773651123047,36
70.3344497680664,108.39859008789062,2.434343099594116,-1.1935462951660156,140.3773651123047,36
99.15392303466797,111.3264389038086,16.616474151611328,-1.1935462951660156,140.3773651123047,36
76.94145202636719,105.52800750732422,12.168217658996582,-1.1935462951660156,140.3773651123047,36
93.4847183227539,106.11276245117188,17.48206329345703,-1.1935462951660156,140.3773651123047,36
35.742645263671875,22.103641510009766,6.907781600952148,-1.1935462951660156,140.3773651123047,36
86.8189468383789,115.02472686767578,10.4661865234375,-1.1935462951660156,140.3773651123047,36
68.68492126464844,47.98731231689453,13.766185760498047,-1.1935462951660156,140.3773651123047,36
61.91831970214844,36.98484420776367,0.29470762610435486,-1.1935462951660156,140.3773651123047,36
66.89561462402344,43.94074630737305,7.907208442687988,-1.1935462951660156,140.3773651123047,36
91.85511016845703,109.35167694091797,11.194981575012207,-1.1935462951660156,140.3773651123047,36
48.048927307128906,24.11713218688965,3.053602457046509,-1.1935462951660156,140.3773651123047,36
68.1637954711914,57.990238189697266,18.656909942626953,-1.1935462951660156,140.3773651123047,36
71.97074127197266,98.9899673461914,1.6240086555480957,-1.1935462951660156,140.3773651123047,36
68.92073059082031,53.58058547973633,12.733816146850586,-1.1935462951660156,140.3773651123047,36
58.497318267822266,36.096961975097656,10.929256439208984,-1.1935462951660156,140.3773651123047,36
69.64842987060547,106.68071746826172,6.366581916809082,-1.1935462951660156,140.3773651123047,36
67.99423217773438,55.564231872558594,9.76228141784668,-1.1935462951660156,140.3773651123047,36
85.54454803466797,110.86006927490234,7.5277299880981445,-1.1935462951660156,140.3773651123047,36
60.364418029785156,39.24177551269531,1.0156958103179932,-1.1935462951660156,140.3773651123047,36
67.95751190185547,42.8597526550293,8.437716484069824,-1.1935462951660156,140.3773651123047,36
53.278724670410156,23.929624557495117,4.474437713623047,-1.1935462951660156,140.3773651123047,36
68.70452880859375,47.483367919921875,12.64840030670166,-1.1935462951660156,140.3773651123047,36
36.702484130859375,26.335298538208008,10.19369125366211,-1.1935462951660156,140.3773651123047,36
68.13270568847656,53.83974075317383,6.897093296051025,-1.1935462951660156,140.3773651123047,36
35.891326904296875,26.48377799987793,8.477179527282715,-1.1935462951660156,140.3773651123047,36
55.218868255615234,34.467533111572266,12.407441139221191,-1.1935462951660156,140.3773651123047,36
84.97442626953125,104.5660171508789,16.699691772460938,-1.1935462951660156,140.3773651123047,36
39.670814514160156,28.66649055480957,6.946799278259277,-1.1935462951660156,140.3773651123047,36
71.49336242675781,57.15679931640625,14.658766746520996,-1.1935462951660156,140.3773651123047,36
84.6982650756836,109.9947509765625,7.959404945373535,-1.1935462951660156,140.3773651123047,36
72.11051940917969,42.33319854736328,14.440984725952148,-1.1935462951660156,140.3773651123047,36
54.7242546081543,32.73366928100586,8.56460189819336,-1.1935462951660156,140.3773651123047,36
59.000404357910156,32.3955192565918,9.01242733001709,-1.1935462951660156,140.3773651123047,36
53.984920501708984,35.226959228515625,7.514357566833496,-1.1935462951660156,140.3773651123047,36
60.548255920410156,39.54584503173828,9.915595054626465,-1.1935462951660156,140.3773651123047,36
56.7678337097168,37.724693298339844,10.498422622680664,-1.1935462951660156,140.3773651123047,36
42.609962463378906,27.254270553588867,14.320950508117676,-1.1935462951660156,140.3773651123047,36
63.675819396972656,44.29608154296875,4.592599391937256,-1.1935462951660156,140.3773651123047,36
50.700069427490234,32.642879486083984,2.879526376724243,-1.1935462951660156,140.3773651123047,36
68.63446807861328,47.018409729003906,9.74537181854248,-1.1935462951660156,140.3773651123047,36
41.236209869384766,25.512510299682617,5.773053169250488,-1.1935462951660156,140.3773651123047,36
38.712276458740234,28.817394256591797,6.132723331451416,-1.1935462951660156,140.3773651123047,36
47.52430725097656,33.72621536254883,15.218421936035156,-1.1935462951660156,140.3773651123047,36
37.0484619140625,28.91680145263672,8.35898208618164,-1.1935462951660156,140.3773651123047,36
31.29052734375,25.887495040893555,9.466497421264648,-1.1935462951660156,140.3773651123047,36
46.618595123291016,33.1924934387207,9.792521476745605,-1.1935462951660156,140.3773651123047,36
42.54197692871094,28.96366310119629,7.565525054931641,-1.1935462951660156,140.3773651123047,36
51.527305603027344,25.444616317749023,4.163069248199463,-1.1935462951660156,140.3773651123047,36
42.542232513427734,29.223121643066406,6.147508144378662,-1.1935462951660156,140.3773651123047,36
38.61708450317383,27.803804397583008,7.162580490112305,-1.1935462951660156,140.3773651123047,36
47.352088928222656,30.7061767578125,12.391227722167969,-1.1935462951660156,140.3773651123047,36
30.713085174560547,20.239004135131836,12.131265640258789,-1.1935462951660156,140.3773651123047,36
39.26942443847656,30.0094051361084,12.468093872070312,-1.1935462951660156,140.3773651123047,36
43.413978576660156,32.352745056152344,10.031005859375,-1.1935462951660156,140.3773651123047,36
32.07905578613281,25.174571990966797,10.015400886535645,-1.1935462951660156,140.3773651123047,36
54.64362716674805,25.173938751220703,6.328736782073975,-1.1935462951660156,140.3773651123047,36
32.042240142822266,23.55672836303711,5.574095726013184,-1.1935462951660156,140.3773651123047,36
26.761825561523438,22.71292495727539,8.127511024475098,-1.1935462951660156,140.3773651123047,36
34.463096618652344,24.225725173950195,10.73004150390625,-1.1935462951660156,140.3773651123047,36
26.32826805114746,25.776622772216797,8.776942253112793,-1.1935462951660156,140.3773651123047,36
37.302555084228516,27.980531692504883,8.454575538635254,-1.1935462951660156,140.3773651123047,36
34.970584869384766,24.757116317749023,13.757612228393555,-1.1935462951660156,140.3773651123047,36
39.40129470825195,24.357934951782227,8.956727027893066,-1.1935462951660156,140.3773651123047,36
29.14078140258789,28.041175842285156,9.332572937011719,-1.1935462951660156,140.3773651123047,36
46.18694305419922,32.607234954833984,13.748177528381348,-1.1935462951660156,140.3773651123047,36
39.440940856933594,25.470197677612305,10.328731536865234,-1.1935462951660156,140.3773651123047,36
31.87877082824707,24.66057014465332,10.587501525878906,-1.1935462951660156,140.3773651123047,36
41.71064376831055,28.077880859375,7.157650470733643,-1.1935462951660156,143.04702758789062,36
38.077205657958984,28.404142379760742,4.6360368728637695,-1.1935462951660156,143.04702758789062,36
42.802223205566406,24.740520477294922,14.090853691101074,-1.1935462951660156,143.04702758789062,36
46.373260498046875,23.551414489746094,5.433450698852539,-1.1935462951660156,143.04702758789062,36
63.69951248168945,44.64539337158203,3.2601540088653564,-1.1935462951660156,143.04702758789062,36
31.44964599609375,22.158710479736328,9.243042945861816,-1.1935462951660156,143.04702758789062,36
62.44868087768555,34.159446716308594,1.1161940097808838,-1.1935462951660156,143.04702758789062,36
39.88362503051758,24.53070831298828,8.454164505004883,-1.1935462951660156,143.04702758789062,36
41.89366912841797,28.378339767456055,9.624658584594727,-1.1935462951660156,143.04702758789062,36
48.042449951171875,26.70969581604004,3.86189341545105,-1.1935462951660156,143.04702758789062,36
52.33003616333008,28.873821258544922,7.279924392700195,-1.1935462951660156,143.04702758789062,36
31.352031707763672,28.902252197265625,11.302373886108398,-1.1935462951660156,143.04702758789062,36
38.04277038574219,26.44939422607422,15.275092124938965,-1.1935462951660156,143.04702758789062,36
40.9155158996582,30.086055755615234,15.36227035522461,-1.1935462951660156,143.04702758789062,36
47.053489685058594,25.111377716064453,11.964282989501953,-1.1935462951660156,143.04702758789062,36
37.91252899169922,33.09471893310547,10.839481353759766,-1.1935462951660156,146.22508239746094,36
39.457828521728516,32.00004959106445,10.783256530761719,-1.1935462951660156,146.22508239746094,36
35.990699768066406,31.97855567932129,11.70205307006836,-1.1935462951660156,146.22508239746094,36
43.191627502441406,30.033050537109375,9.303385734558105,-1.1935462951660156,146.22508239746094,36
32.53705978393555,26.690753936767578,2.3110604286193848,-1.1935462951660156,146.22508239746094,36
46.59673309326172,30.504884719848633,12.59199047088623,-1.1935462951660156,146.22508239746094,36
52.601375579833984,39.477989196777344,14.326369285583496,-1.1935462951660156,146.22508239746094,36
37.937904357910156,26.971935272216797,8.880483627319336,-1.1935462951660156,146.22508239746094,36
41.286373138427734,32.50863265991211,10.658753395080566,-1.1935462951660156,146.22508239746094,36
41.63054275512695,32.317684173583984,10.988062858581543,-1.1935462951660156,171.6013641357422,36
48.439945220947266,29.84963607788086,13.828240394592285,-1.1935462951660156,171.6013641357422,36
37.768009185791016,32.36577224731445,11.591259002685547,-1.1935462951660156,171.6013641357422,36
66.1799545288086,50.95882797241211,13.33065414428711,-1.1935462951660156,171.6013641357422,36
36.10614013671875,32.38582992553711,-17.664836883544922,-17.664836883544922,171.6013641357422,36
36.423770904541016,30.719932556152344,7.9344635009765625,-17.664836883544922,171.6013641357422,36
65.14835357666016,37.71687316894531,7.964555263519287,-17.664836883544922,171.6013641357422,36
42.21821212768555,31.745630264282227,13.107256889343262,-17.664836883544922,171.6013641357422,36
44.5366096496582,35.233219146728516,16.8046932220459,-17.664836883544922,171.6013641357422,36
41.803794860839844,33.41986846923828,8.295482635498047,-17.664836883544922,171.6013641357422,36
26.285001754760742,24.542070388793945,10.242671012878418,-17.664836883544922,171.6013641357422,36
41.98026657104492,36.50798797607422,5.102274417877197,-17.664836883544922,171.6013641357422,36
39.02044677734375,30.91533088684082,7.063740253448486,-17.664836883544922,171.6013641357422,36
33.867313385009766,30.580516815185547,11.430500984191895,-17.664836883544922,171.6013641357422,36
62.33293533325195,40.020423889160156,22.303924560546875,-17.664836883544922,171.6013641357422,36
47.806888580322266,35.28945541381836,17.848291397094727,-17.664836883544922,171.6013641357422,36
46.71467208862305,31.0037784576416,7.473077297210693,-17.664836883544922,171.6013641357422,36
64.57452392578125,39.33952713012695,20.16045570373535,-17.664836883544922,171.6013641357422,36
39.41844177246094,30.54936981201172,16.894033432006836,-17.664836883544922,171.6013641357422,36
57.207679748535156,41.909236907958984,12.534136772155762,-17.664836883544922,171.6013641357422,36
56.69773864746094,29.56433868408203,10.04991626739502,-17.664836883544922,171.6013641357422,36
63.35195541381836,41.84334182739258,15.533224105834961,-17.664836883544922,171.6013641357422,36
50.355247497558594,37.1319580078125,-19.474212646484375,-19.474212646484375,171.6013641357422,36
60.01508331298828,39.1639289855957,11.88656997680664,-19.474212646484375,171.6013641357422,36
47.4559211730957,31.229400634765625,7.038681983947754,-19.474212646484375,171.6013641357422,36
55.39533233642578,43.49851608276367,9.17380428314209,-19.474212646484375,171.6013641357422,36
60.296085357666016,36.0662727355957,7.272571086883545,-19.474212646484375,171.6013641357422,36
46.73265075683594,35.82930374145508,11.821953773498535,-19.474212646484375,171.6013641357422,36
36.354217529296875,34.6495361328125,4.237765789031982,-19.474212646484375,171.6013641357422,36
29.90188980102539,31.84278106689453,1.2210547924041748,-19.474212646484375,171.6013641357422,36
39.885921478271484,35.13814163208008,4.845118522644043,-19.474212646484375,171.6013641357422,36
51.24156188964844,30.63775634765625,0.7836172580718994,-19.474212646484375,171.6013641357422,36
29.970521926879883,24.762542724609375,-15.51357650756836,-19.474212646484375,171.6013641357422,36
29.631837844848633,31.099943161010742,-13.049633979797363,-19.474212646484375,171.6013641357422,36
52.005287170410156,42.250518798828125,12.141212463378906,-19.474212646484375,171.6013641357422,36
28.946081161499023,31.718212127685547,-16.19370460510254,-19.474212646484375,171.6013641357422,36
54.432376861572266,46.2893180847168,15.37574577331543,-19.474212646484375,171.6013641357422,36
46.924312591552734,35.318511962890625,-11.571257591247559,-19.474212646484375,171.6013641357422,36
45.763980865478516,23.23709487915039,1.887891411781311,-19.474212646484375,171.6013641357422,36
54.443443298339844,34.903053283691406,2.599708080291748,-19.474212646484375,171.6013641357422,36
52.57157516479492,35.04840850830078,-16.403244018554688,-19.474212646484375,171.6013641357422,36
26.896987915039062,25.65606117248535,-17.293869018554688,-19.474212646484375,171.6013641357422,36
20.23944664001465,27.864154815673828,-28.875080108642578,-28.875080108642578,171.6013641357422,36
62.94425582885742,48.6928825378418,2.407958507537842,-28.875080108642578,171.6013641357422,36
31.690649032592773,33.01169967651367,-40.38009262084961,-40.38009262084961,171.6013641357422,36
47.13481521606445,36.46797180175781,-22.61457061767578,-40.38009262084961,182.1963653564453,36
36.764869689941406,33.51894760131836,-39.902748107910156,-40.38009262084961,182.1963653564453,36
50.02845764160156,39.642581939697266,-7.985687255859375,-40.38009262084961,182.1963653564453,36
34.779258728027344,15.976961135864258,-53.13596725463867,-53.13596725463867,182.1963653564453,36
25.99545669555664,15.3340482711792,-77.62425231933594,-77.62425231933594,182.1963653564453,36
29.448013305664062,22.983253479003906,-87.64714050292969,-87.64714050292969,182.1963653564453,36
27.203624725341797,7.4699931144714355,-70.40518951416016,-87.64714050292969,182.1963653564453,36
32.88434600830078,36.42948913574219,-22.967763900756836,-87.64714050292969,182.1963653564453,36
5.399064540863037,-10.732181549072266,-91.60726165771484,-91.60726165771484,182.1963653564453,36
80.0837631225586,105.37992095947266,-39.85721206665039,-91.60726165771484,182.1963653564453,36
34.543304443359375,37.93080139160156,-52.0495719909668,-91.60726165771484,182.1963653564453,36
22.320819854736328,35.052207946777344,-55.991878509521484,-91.60726165771484,182.1963653564453,36
22.092266082763672,11.490400314331055,-40.469970703125,-91.60726165771484,182.1963653564453,36
15.2501220703125,-3.0278308391571045,-77.11588287353516,-91.60726165771484,182.1963653564453,36
49.61024475097656,49.81610107421875,-48.22603988647461,-91.60726165771484,182.1963653564453,36
25.159303665161133,1.6476136445999146,-105.85841369628906,-105.85841369628906,182.1963653564453,36
5.107237339019775,-21.270645141601562,-81.24588012695312,-105.85841369628906,182.1963653564453,36
47.57124710083008,100.0069580078125,-82.97527313232422,-105.85841369628906,182.1963653564453,36
16.005891799926758,22.04850196838379,-101.53717041015625,-105.85841369628906,182.1963653564453,36
16.89862632751465,8.125998497009277,-72.57908630371094,-105.85841369628906,182.1963653564453,36
4.171514987945557,-21.800098419189453,-83.0516128540039,-105.85841369628906,182.1963653564453,36
18.948095321655273,17.905624389648438,-88.71798706054688,-105.85841369628906,182.1963653564453,36
-4.3705949783325195,-37.5737419128418,-96.25778198242188,-105.85841369628906,182.1963653564453,36
75.98380279541016,95.71215057373047,-52.43608856201172,-105.85841369628906,182.1963653564453,36
-4.125349044799805,10.125812530517578,-81.08356475830078,-105.85841369628906,182.1963653564453,36
9.860857963562012,13.01570987701416,-95.59408569335938,-105.85841369628906,182.1963653564453,36
17.547327041625977,15.19090747833252,-100.3838882446289,-105.85841369628906,182.1963653564453,36
105.08406066894531,109.05650329589844,-33.4082145690918,-105.85841369628906,182.1963653564453,36
40.206905364990234,29.967117309570312,-36.1365966796875,-105.85841369628906,182.1963653564453,36
80.14131164550781,99.22801971435547,-45.919883728027344,-105.85841369628906,182.1963653564453,36
13.86418628692627,-11.809198379516602,-91.00495910644531,-105.85841369628906,182.1963653564453,36
40.41337585449219,60.721309661865234,-91.24103546142578,-105.85841369628906,182.1963653564453,36
-19.948204040527344,-41.598941802978516,-109.45012664794922,-109.45012664794922,182.1963653564453,36
27.284059524536133,24.420223236083984,-79.19511413574219,-109.45012664794922,182.1963653564453,36
18.920663833618164,-10.856613159179688,-60.4117317199707,-109.45012664794922,182.1963653564453,36
-9.549312591552734,-33.49375915527344,-89.62775421142578,-109.45012664794922,182.1963653564453,36
2.031614303588867,-49.7647590637207,-88.31259155273438,-109.45012664794922,182.1963653564453,36
46.35865783691406,74.46625518798828,-85.9764633178711,-109.45012664794922,182.1963653564453,36
-15.17424488067627,-44.18284225463867,-82.24822998046875,-109.45012664794922,182.1963653564453,36
27.634675979614258,44.20989227294922,-109.50716400146484,-109.50716400146484,182.1963653564453,36
-2.0101258754730225,-42.49269485473633,-108.70211791992188,-109.50716400146484,182.1963653564453,36
31.888683319091797,57.127342224121094,-79.07997131347656,-109.50716400146484,182.1963653564453,36
-22.91323471069336,-36.1649284362793,-129.03021240234375,-129.03021240234375,182.1963653564453,36
-18.55765724182129,-45.585269927978516,-97.47264099121094,-129.03021240234375,182.1963653564453,36
-28.55447006225586,-76.9471664428711,-115.41107177734375,-129.03021240234375,182.1963653564453,36
-12.84654712677002,-49.265907287597656,-127.3541030883789,-129.03021240234375,182.1963653564453,36
-3.300271511077881,-46.210472106933594,-100.75589752197266,-129.03021240234375,182.1963653564453,36
28.66646385192871,100.2389144897461,-133.3521728515625,-133.3521728515625,182.1963653564453,36
29.296934127807617,36.12525939941406,-81.78323364257812,-133.3521728515625,182.1963653564453,36
-20.764738082885742,-61.53905487060547,-120.14110565185547,-133.3521728515625,182.1963653564453,36
-13.187799453735352,-56.28179931640625,-129.5774688720703,-133.3521728515625,182.1963653564453,36
-13.57756519317627,-48.55713653564453,-108.2457275390625,-133.3521728515625,182.1963653564453,36
42.782249450683594,48.31132888793945,-79.56961059570312,-133.3521728515625,182.1963653564453,36
9.389760971069336,-8.653284072875977,-111.64656066894531,-133.3521728515625,182.1963653564453,36
-40.58195114135742,-79.53295135498047,-130.00048828125,-133.3521728515625,182.1963653564453,36
-3.5256688594818115,-35.04777908325195,-111.65473175048828,-133.3521728515625,188.42742919921875,36
-24.58493995666504,-60.03505325317383,-117.1820297241211,-133.3521728515625,188.42742919921875,36
25.9254207611084,59.4826774597168,-110.8220443725586,-133.3521728515625,188.42742919921875,36
-37.38054656982422,-72.80455017089844,-113.1976547241211,-133.3521728515625,188.42742919921875,36
-0.9216932058334351,-18.855554580688477,-117.77870178222656,-133.3521728515625,188.42742919921875,36
-28.52037239074707,-15.645356178283691,-150.01673889160156,-150.01673889160156,188.42742919921875,36
-33.00360870361328,-51.739990234375,-121.90369415283203,-150.01673889160156,188.42742919921875,36
20.55549430847168,29.374319076538086,-91.51373291015625,-150.01673889160156,188.42742919921875,36
-29.776561737060547,-72.28074645996094,-125.95855712890625,-150.01673889160156,188.42742919921875,36
-47.658634185791016,-90.60789489746094,-117.85334014892578,-150.01673889160156,188.42742919921875,36
19.5507869720459,85.02852630615234,-119.95297241210938,-150.01673889160156,188.42742919921875,36
26.299633026123047,93.22425079345703,-101.12663269042969,-150.01673889160156,188.42742919921875,36
-22.484216690063477,-27.693561553955078,-150.00599670410156,-150.01673889160156,188.42742919921875,36
-28.932353973388672,-85.28129577636719,-137.3354034423828,-150.01673889160156,188.42742919921875,36
37.250694274902344,81.48722839355469,-129.8854217529297,-150.01673889160156,188.42742919921875,36
-36.17182540893555,-79.91722869873047,-135.795654296875,-150.01673889160156,188.42742919921875,36
-40.7771110534668,-84.15645599365234,-127.29451751708984,-150.01673889160156,188.42742919921875,36
16.555099487304688,71.1312484741211,-134.08326721191406,-150.01673889160156,188.42742919921875,36
-61.169097900390625,-81.65357971191406,-143.81234741210938,-150.01673889160156,188.42742919921875,36
-20.905881881713867,-51.921241760253906,-164.35997009277344,-164.35997009277344,188.42742919921875,36
-51.23295211791992,-94.75934600830078,-145.77606201171875,-164.35997009277344,188.42742919921875,36
-37.748416900634766,-57.329952239990234,-146.4959716796875,-164.35997009277344,188.42742919921875,36
-37.871742248535156,-65.17015838623047,-122.11416625976562,-164.35997009277344,188.42742919921875,36
-54.213035583496094,-98.89730072021484,-175.58700561523438,-175.58700561523438,188.42742919921875,36
66.27367401123047,101.50143432617188,-105.66407775878906,-175.58700561523438,188.42742919921875,36
-90.99085998535156,-101.99954223632812,-166.27272033691406,-175.58700561523438,188.42742919921875,36
9.032926559448242,18.080820083618164,-105.1847915649414,-175.58700561523438,188.42742919921875,36
-32.33783721923828,-85.19361877441406,-155.2312469482422,-175.58700561523438,188.42742919921875,36
30.394346237182617,44.9547233581543,-83.25234985351562,-175.58700561523438,188.42742919921875,36
89.41674041748047,112.15364837646484,-172.6165008544922,-175.58700561523438,188.42742919921875,36
-3.3910303115844727,-27.110519409179688,-97.20532989501953,-175.58700561523438,188.42742919921875,36
3.7309885025024414,36.214027404785156,-134.30484008789062,-175.58700561523438,188.42742919921875,36
-18.84392547607422,-71.68710327148438,-147.14151000976562,-175.58700561523438,188.42742919921875,36
-83.82566833496094,-113.89639282226562,-136.33184814453125,-175.58700561523438,188.42742919921875,36
-61.59975814819336,-74.31979370117188,-152.37356567382812,-175.58700561523438,188.42742919921875,36
7.91212797164917,69.50716400146484,-161.26666259765625,-175.58700561523438,188.42742919921875,36
-53.154632568359375,-97.01486206054688,-195.28823852539062,-195.28823852539062,188.42742919921875,36
-24.039234161376953,-30.32792854309082,-113.35411071777344,-195.28823852539062,188.42742919921875,36
-36.1635856628418,-99.42324829101562,-180.65924072265625,-195.28823852539062,188.42742919921875,36
-74.9376449584961,-104.66303253173828,-217.12591552734375,-217.12591552734375,188.42742919921875,36
-17.206920623779297,-15.545360565185547,-197.3062744140625,-217.12591552734375,188.42742919921875,36
-50.122886657714844,-61.89590072631836,-164.14825439453125,-217.12591552734375,188.42742919921875,36
-66.27387237548828,-130.5651397705078,-172.341796875,-217.12591552734375,188.42742919921875,36
-59.751983642578125,-85.87777709960938,-167.61932373046875,-217.12591552734375,188.42742919921875,36
-16.32819175720215,29.767135620117188,-192.43397521972656,-217.12591552734375,188.42742919921875,36
-44.005592346191406,-72.27787780761719,-212.4923858642578,-217.12591552734375,188.42742919921875,36
-54.7240104675293,-101.18795013427734,-173.68234252929688,-217.12591552734375,188.42742919921875,36
-50.42537307739258,-80.49899291992188,-185.2935333251953,-217.12591552734375,188.42742919921875,36
8.253684997558594,64.65174102783203,-152.12684631347656,-217.12591552734375,188.42742919921875,36
-77.93867492675781,-112.8383560180664,-193.6386260986328,-217.12591552734375,188.42742919921875,36
-33.84263610839844,34.796775817871094,-220.87542724609375,-220.87542724609375,188.42742919921875,36
-103.8486328125,-127.9863052368164,-219.40740966796875,-220.87542724609375,188.42742919921875,36
-94.17594909667969,-136.54432678222656,-206.09117126464844,-220.87542724609375,188.42742919921875,36
-72.7513656616211,-128.35052490234375,-213.3074951171875,-220.87542724609375,188.42742919921875,36
11.88809585571289,96.98628997802734,-211.95933532714844,-220.87542724609375,188.42742919921875,36
-48.65788650512695,-33.50462341308594,-181.2963104248047,-220.87542724609375,188.42742919921875,36
-113.35714721679688,-125.2582015991211,-230.71633911132812,-230.71633911132812,188.42742919921875,36
2.7116734981536865,59.43625259399414,-187.4923553466797,-230.71633911132812,188.42742919921875,36
-51.68757247924805,-77.49842071533203,-167.44210815429688,-230.71633911132812,188.42742919921875,36
14.31982135772705,8.397903442382812,-69.2098617553711,-230.71633911132812,188.42742919921875,36
35.735904693603516,109.56759643554688,-186.29412841796875,-230.71633911132812,188.42742919921875,36
-83.80789184570312,-105.25762939453125,-197.8928985595703,-230.71633911132812,188.42742919921875,36
-15.575957298278809,-44.95071792602539,-111.7232666015625,-230.71633911132812,188.42742919921875,36
20.70655059814453,91.92399597167969,-191.70538330078125,-230.71633911132812,188.42742919921875,36
-78.31808471679688,-118.82516479492188,-168.91969299316406,-230.71633911132812,188.42742919921875,36
-12.625750541687012,11.451339721679688,-130.66201782226562,-230.71633911132812,188.42742919921875,36
-56.860931396484375,-130.27810668945312,-210.6082000732422,-230.71633911132812,188.42742919921875,36
10.580215454101562,-5.50931453704834,-99.52351379394531,-230.71633911132812,188.42742919921875,36
5.37620735168457,57.0366325378418,-197.20741271972656,-230.71633911132812,188.42742919921875,36
-49.301513671875,-58.8447265625,-133.6842803955078,-230.71633911132812,188.42742919921875,36
30.057575225830078,96.72016906738281,-188.46978759765625,-230.71633911132812,188.42742919921875,36
-66.912353515625,-60.234615325927734,-151.97203063964844,-230.71633911132812,188.42742919921875,36
64.01334381103516,108.86763763427734,-184.49647521972656,-230.71633911132812,188.42742919921875,36
-52.44756317138672,-73.54251098632812,-148.37582397460938,-230.71633911132812,188.42742919921875,36
-93.31294250488281,-106.01245880126953,-166.7768096923828,-230.71633911132812,188.42742919921875,36
110.26044464111328,109.70634460449219,102.5002670288086,-230.71633911132812,188.42742919921875,36
-93.47925567626953,-123.42987823486328,-175.76611328125,-230.71633911132812,188.42742919921875,36
-19.145553588867188,-39.10586929321289,-171.87307739257812,-230.71633911132812,188.42742919921875,36
-85.71312713623047,-118.00688934326172,-194.0045166015625,-230.71633911132812,188.42742919921875,36
-70.10603332519531,-117.4662857055664,-211.064453125,-230.71633911132812,188.42742919921875,36
-47.5438346862793,-77.11952209472656,-185.27548217773438,-230.71633911132812,188.42742919921875,36
-9.305109024047852,7.827075004577637,-174.92013549804688,-230.71633911132812,188.42742919921875,36
62.48890686035156,108.9049301147461,-157.1466827392578,-230.71633911132812,188.42742919921875,36
-42.953189849853516,-45.975440979003906,-171.6607208251953,-230.71633911132812,188.42742919921875,36
-109.9239730834961,-127.22535705566406,-161.75177001953125,-230.71633911132812,188.42742919921875,36
-109.7087631225586,-122.29695892333984,-156.99050903320312,-230.71633911132812,188.42742919921875,36
-51.677188873291016,-112.66253662109375,-166.2646026611328,-230.71633911132812,188.42742919921875,36
-99.87603759765625,-114.16268920898438,-185.07037353515625,-230.71633911132812,188.42742919921875,36
-47.5565071105957,-61.57783889770508,-121.67616271972656,-230.71633911132812,188.42742919921875,36
-15.950274467468262,-20.010852813720703,-143.59503173828125,-230.71633911132812,188.42742919921875,36
-77.72786712646484,-126.50813293457031,-227.62423706054688,-230.71633911132812,188.42742919921875,36
-36.48863220214844,-25.23761749267578,-219.79571533203125,-230.71633911132812,188.42742919921875,36
32.73727798461914,104.01953887939453,-180.1575927734375,-230.71633911132812,188.42742919921875,36
-87.7764892578125,-110.31442260742188,-165.6601104736328,-230.71633911132812,188.42742919921875,36
-56.166290283203125,-73.39734649658203,-233.8640594482422,-233.8640594482422,188.42742919921875,36
-29.167068481445312,0.03744124993681908,-137.46177673339844,-233.8640594482422,188.42742919921875,36
43.288761138916016,108.32365417480469,-120.33442687988281,-233.8640594482422,188.42742919921875,36
-100.93891906738281,-121.70337677001953,-201.22055053710938,-233.8640594482422,188.42742919921875,36
-93.64273834228516,-128.56117248535156,-218.30984497070312,-233.8640594482422,188.42742919921875,36
-33.1279182434082,-16.995704650878906,-210.447998046875,-233.8640594482422,188.42742919921875,36
-67.54871368408203,-109.07508087158203,-182.99856567382812,-233.8640594482422,188.42742919921875,36
-99.21038818359375,-132.330078125,-181.3033905029297,-233.8640594482422,188.42742919921875,36
-112.91517639160156,-155.1597900390625,-241.49798583984375,-241.49798583984375,188.42742919921875,36
-12.765852928161621,-13.919751167297363,-160.38186645507812,-241.49798583984375,188.42742919921875,36
-5.818014621734619,21.36432647705078,-120.7333755493164,-241.49798583984375,188.5525665283203,36
-31.006145477294922,-28.221256256103516,-110.11761474609375,-241.49798583984375,188.5525665283203,36
4.651833534240723,92.81755065917969,-207.4197540283203,-241.49798583984375,188.5525665283203,36
-49.324928283691406,-123.34236907958984,-171.7073516845703,-241.49798583984375,188.5525665283203,36
-103.05327606201172,-146.64178466796875,-229.93661499023438,-241.49798583984375,188.5525665283203,36
-48.83740234375,-72.81810760498047,-135.23753356933594,-241.49798583984375,188.5525665283203,36
-59.194278717041016,-108.5578384399414,-185.89305114746094,-241.49798583984375,188.5525665283203,36
-66.45343017578125,-104.01384735107422,-173.873291015625,-241.49798583984375,188.5525665283203,36
63.144901275634766,100.24528503417969,-211.59754943847656,-241.49798583984375,188.5525665283203,36
-135.7239532470703,-150.1693878173828,-195.530517578125,-241.49798583984375,188.5525665283203,36
-55.27001953125,-111.30429077148438,-200.76077270507812,-241.49798583984375,188.5525665283203,36
-27.08791732788086,27.063766479492188,-220.88743591308594,-241.49798583984375,188.5525665283203,36
-60.254737854003906,-83.88481140136719,-172.8475341796875,-241.49798583984375,188.5525665283203,36
-69.2492904663086,-88.2601547241211,-185.43658447265625,-241.49798583984375,188.5525665283203,36
36.48360061645508,57.905303955078125,-95.81173706054688,-241.49798583984375,188.5525665283203,36
37.151466369628906,94.3981704711914,-165.3544921875,-241.49798583984375,188.5525665283203,36
-17.50897979736328,6.377915859222412,-189.0166473388672,-241.49798583984375,188.5525665283203,36
-99.99273681640625,-161.92095947265625,-220.36456298828125,-241.49798583984375,188.5525665283203,36
-111.197265625,-140.96295166015625,-212.96620178222656,-241.49798583984375,188.5525665283203,36
-46.014984130859375,-76.66436767578125,-128.16806030273438,-241.49798583984375,188.5525665283203,36
-149.25714111328125,-179.1611328125,-215.5844268798828,-241.49798583984375,188.5525665283203,36
-3.472188949584961,41.37613296508789,-194.32077026367188,-241.49798583984375,188.5525665283203,36
-46.9651985168457,-40.95294189453125,-167.4763641357422,-241.49798583984375,188.5525665283203,36
25.241975784301758,84.85002136230469,-161.5757293701172,-241.49798583984375,188.5525665283203,36
-73.59857940673828,-102.20661926269531,-176.76480102539062,-241.49798583984375,188.5525665283203,36
-111.45478057861328,-129.525146484375,-214.35975646972656,-241.49798583984375,188.5525665283203,36
3.375797986984253,32.729644775390625,-145.96876525878906,-241.49798583984375,188.5525665283203,36
-80.31263732910156,-119.0052719116211,-193.68515014648438,-241.49798583984375,188.5525665283203,36
-99.76610565185547,-126.88868713378906,-233.31063842773438,-241.49798583984375,188.5525665283203,36
-111.82001495361328,-169.1525115966797,-269.72296142578125,-269.72296142578125,188.5525665283203,36
-18.910114288330078,21.136493682861328,-214.33248901367188,-269.72296142578125,188.5525665283203,36
-78.6572265625,-113.7457046508789,-181.40203857421875,-269.72296142578125,188.5525665283203,36
-45.812496185302734,-115.5503158569336,-196.1261749267578,-269.72296142578125,188.5525665283203,36
-87.5595474243164,-139.9757080078125,-207.29864501953125,-269.72296142578125,188.5525665283203,36
14.341876029968262,46.16586685180664,-177.15455627441406,-269.72296142578125,188.5525665283203,36
-45.42576599121094,-91.4476089477539,-207.34815979003906,-269.72296142578125,188.5525665283203,36
-105.75360870361328,-120.34223937988281,-195.57986450195312,-269.72296142578125,188.5525665283203,36
-121.85045623779297,-168.64697265625,-200.7187957763672,-269.72296142578125,188.5525665283203,36
33.382408142089844,85.04705047607422,-144.95921325683594,-269.72296142578125,188.5525665283203,36
-25.851486206054688,-52.859500885009766,-117.8163070678711,-269.72296142578125,188.5525665283203,36
-57.9716682434082,-103.27754974365234,-165.4152069091797,-269.72296142578125,188.5525665283203,36
-23.44904136657715,-2.762006998062134,-182.9036102294922,-269.72296142578125,188.5525665283203,36
-38.439937591552734,-115.65731048583984,-180.67715454101562,-269.72296142578125,188.5525665283203,36
-72.65863037109375,-121.01560974121094,-178.5859375,-269.72296142578125,188.5525665283203,36
-19.887775421142578,-5.948185920715332,-128.3917999267578,-269.72296142578125,188.5525665283203,36
-21.030393600463867,-5.089523792266846,-137.9302215576172,-269.72296142578125,188.5525665283203,36
-62.84384536743164,-118.1117172241211,-205.9755859375,-269.72296142578125,188.5525665283203,36
-100.53929901123047,-127.72154235839844,-220.92691040039062,-269.72296142578125,188.5525665283203,36
-35.104278564453125,-45.071781158447266,-143.9114990234375,-269.72296142578125,188.5525665283203,36
-96.83827209472656,-127.06016540527344,-179.6949920654297,-269.72296142578125,188.5525665283203,36
-110.44081115722656,-122.22962951660156,-165.12310791015625,-269.72296142578125,188.5525665283203,36
-55.65964126586914,-91.11942291259766,-153.5658721923828,-269.72296142578125,188.5525665283203,36
51.00199508666992,103.71961975097656,-192.31700134277344,-269.72296142578125,188.5525665283203,36
-70.8355712890625,-101.7119140625,-199.26254272460938,-269.72296142578125,188.5525665283203,36
32.371036529541016,107.65098571777344,-227.83456420898438,-269.72296142578125,188.5525665283203,36
73.83397674560547,110.77063751220703,-172.79696655273438,-269.72296142578125,188.5525665283203,36
-57.511226654052734,-89.78804016113281,-159.2244873046875,-269.72296142578125,188.5525665283203,36
-62.345314025878906,-108.64990997314453,-216.3062744140625,-269.72296142578125,188.5525665283203,36
-70.8936996459961,-124.04705047607422,-231.67379760742188,-269.72296142578125,188.5525665283203,36
48.32318878173828,55.07992935180664,-53.9423828125,-269.72296142578125,188.5525665283203,36
-59.4388542175293,-86.1230697631836,-160.31724548339844,-269.72296142578125,188.5525665283203,36
-72.09602355957031,-120.10047149658203,-194.85586547851562,-269.72296142578125,188.5525665283203,36
-100.36157989501953,-136.7400360107422,-185.9866943359375,-269.72296142578125,188.5525665283203,36
-34.80846405029297,-54.85722351074219,-131.53843688964844,-269.72296142578125,188.5525665283203,36
-81.79045104980469,-121.72232818603516,-200.37371826171875,-269.72296142578125,188.5525665283203,36
-27.222597122192383,-58.92184829711914,-123.03034973144531,-269.72296142578125,188.5525665283203,36
-104.9458236694336,-143.17677307128906,-195.04904174804688,-269.72296142578125,188.5525665283203,36
-40.99293518066406,-32.105628967285156,-188.1973876953125,-269.72296142578125,188.5525665283203,36
-39.179481506347656,-112.57869720458984,-153.2740478515625,-269.72296142578125,188.5525665283203,36
77.90837860107422,110.78900146484375,-161.4849395751953,-269.72296142578125,188.5525665283203,36
22.850305557250977,59.212371826171875,-173.4038848876953,-269.72296142578125,188.5525665283203,36
-65.62279510498047,-79.34463500976562,-176.2650909423828,-269.72296142578125,188.5525665283203,36
-92.34717559814453,-133.29237365722656,-201.308349609375,-269.72296142578125,188.5525665283203,36
-53.51352310180664,-69.04841613769531,-201.5047607421875,-269.72296142578125,188.5525665283203,36
71.59931945800781,108.53997802734375,-179.7841796875,-269.72296142578125,188.5525665283203,36
-57.42412185668945,-56.883201599121094,-148.66111755371094,-269.72296142578125,188.5525665283203,36
-112.55460357666016,-126.71654510498047,-196.0350799560547,-269.72296142578125,188.5525665283203,36
3.1779892444610596,80.0383529663086,-200.63674926757812,-269.72296142578125,188.5525665283203,36
-87.49247741699219,-96.17491912841797,-202.2451934814453,-269.72296142578125,188.5525665283203,36
-149.43186950683594,-166.92689514160156,-253.0482940673828,-269.72296142578125,188.5525665283203,36
-13.231119155883789,66.0230712890625,-200.59071350097656,-269.72296142578125,188.5525665283203,36
-138.7908172607422,-177.0113525390625,-235.94570922851562,-269.72296142578125,188.5525665283203,36
-86.39630126953125,-162.4491729736328,-231.85675048828125,-269.72296142578125,188.5525665283203,36
-104.34950256347656,-156.9459991455078,-218.39768981933594,-269.72296142578125,188.5525665283203,36
-141.20144653320312,-184.2146453857422,-235.1151885986328,-269.72296142578125,188.5525665283203,36
-141.6090087890625,-162.89300537109375,-242.2334747314453,-269.72296142578125,188.5525665283203,36
-72.99525451660156,-91.78483581542969,-181.07606506347656,-269.72296142578125,188.5525665283203,36
-43.68635177612305,-87.71905517578125,-182.1901397705078,-269.72296142578125,188.5525665283203,36
-135.88502502441406,-166.01280212402344,-195.3831024169922,-269.72296142578125,188.5525665283203,36
-72.44822692871094,-62.13526153564453,-181.87693786621094,-269.72296142578125,188.5525665283203,36
-92.45953369140625,-116.34407806396484,-178.7805633544922,-269.72296142578125,188.5525665283203,36
-92.60577392578125,-137.86129760742188,-182.3956756591797,-269.72296142578125,188.5525665283203,36
-106.32332611083984,-113.16630554199219,-161.63011169433594,-269.72296142578125,188.5525665283203,36
-33.3776969909668,-51.490657806396484,-137.30471801757812,-269.72296142578125,188.5525665283203,36
-107.11103057861328,-175.44606018066406,-217.3716583251953,-269.72296142578125,188.5525665283203,36
28.520740509033203,89.66127014160156,-214.34803771972656,-269.72296142578125,188.5525665283203,36
-146.39669799804688,-177.54257202148438,-223.3043975830078,-269.72296142578125,188.5525665283203,36
-34.468177795410156,-60.278324127197266,-94.3512954711914,-269.72296142578125,188.5525665283203,36
60.17617416381836,97.80548858642578,-193.21888732910156,-269.72296142578125,188.5525665283203,36
-137.37400817871094,-159.76052856445312,-202.1287078857422,-269.72296142578125,188.5525665283203,36
-72.7768325805664,-117.6545181274414,-221.50277709960938,-269.72296142578125,188.5525665283203,36
-117.40043640136719,-165.5606231689453,-198.05303955078125,-269.72296142578125,188.5525665283203,36
-120.12776947021484,-161.58021545410156,-211.3081817626953,-269.72296142578125,188.5525665283203,36
-164.4248046875,-199.48529052734375,-256.32989501953125,-269.72296142578125,188.5525665283203,36
-77.0913314819336,-103.5560531616211,-185.51951599121094,-269.72296142578125,188.5525665283203,36
-18.555030822753906,29.16224479675293,-213.8435516357422,-269.72296142578125,188.5525665283203,36
-8.309571266174316,66.64125061035156,-198.37979125976562,-269.72296142578125,188.5525665283203,36
-89.04768371582031,-100.40181732177734,-195.2157745361328,-269.72296142578125,188.5525665283203,36
-135.3967742919922,-181.351318359375,-228.1103057861328,-269.72296142578125,188.5525665283203,36
55.025848388671875,57.42710494995117,5.565739154815674,-269.72296142578125,188.5525665283203,36
-91.84729766845703,-113.11650085449219,-213.29150390625,-269.72296142578125,188.5525665283203,36
-97.64266204833984,-160.13104248046875,-254.97970581054688,-269.72296142578125,188.5525665283203,36
2.3087120056152344,30.35972785949707,-115.45153045654297,-269.72296142578125,188.5525665283203,36
-60.940589904785156,-98.9928970336914,-208.4740447998047,-269.72296142578125,188.5525665283203,36
-148.4573516845703,-183.5667266845703,-226.53811645507812,-269.72296142578125,188.5525665283203,36
-4.837909698486328,8.831100463867188,-126.03211212158203,-269.72296142578125,205.95822143554688,36
-71.54082489013672,-103.0905990600586,-184.46719360351562,-269.72296142578125,205.95822143554688,36
-4.548474311828613,-13.401312828063965,-117.50078582763672,-269.72296142578125,205.95822143554688,36
-147.6819610595703,-170.33004760742188,-216.58726501464844,-269.72296142578125,205.95822143554688,36
39.49937438964844,106.60396575927734,-149.85186767578125,-269.72296142578125,205.95822143554688,36
-163.63253784179688,-165.3778839111328,-210.56185913085938,-269.72296142578125,205.95822143554688,36
-63.514991760253906,-89.06034851074219,-194.66384887695312,-269.72296142578125,205.95822143554688,36
-157.7775115966797,-184.82888793945312,-224.9324951171875,-269.72296142578125,205.95822143554688,36
-1.2344367504119873,19.75132179260254,-143.12986755371094,-269.72296142578125,205.95822143554688,36
-67.86536407470703,-75.24064636230469,-111.06707763671875,-269.72296142578125,205.95822143554688,36
-111.82158660888672,-161.89859008789062,-207.44070434570312,-269.72296142578125,205.95822143554688,36
-63.28389358520508,-96.3128890991211,-199.29656982421875,-269.72296142578125,205.95822143554688,36
98.25944519042969,108.56375122070312,-16.354228973388672,-269.72296142578125,205.95822143554688,36
-102.7298355102539,-163.9772491455078,-224.1263427734375,-269.72296142578125,205.95822143554688,36
-26.085918426513672,55.77202606201172,-213.77938842773438,-269.72296142578125,205.95822143554688,36
-175.96426391601562,-183.05650329589844,-234.46624755859375,-269.72296142578125,205.95822143554688,36
-100.42943572998047,-187.98922729492188,-241.11309814453125,-269.72296142578125,205.95822143554688,36
-146.1087646484375,-187.82322692871094,-230.76356506347656,-269.72296142578125,205.95822143554688,36
-96.4331283569336,-143.62286376953125,-209.5311737060547,-269.72296142578125,205.95822143554688,36
-43.03098678588867,-67.77928924560547,-182.69070434570312,-269.72296142578125,205.95822143554688,36
-89.744873046875,-166.52194213867188,-205.85214233398438,-269.72296142578125,205.95822143554688,36
-34.554832458496094,-107.84773254394531,-181.65216064453125,-269.72296142578125,205.95822143554688,36
44.419822692871094,67.80955505371094,-107.69644927978516,-269.72296142578125,205.95822143554688,36
-123.38236999511719,-174.5278778076172,-202.59642028808594,-269.72296142578125,205.95822143554688,36
-122.3082046508789,-148.51318359375,-238.29678344726562,-269.72296142578125,205.95822143554688,36
-83.18952941894531,-111.29781341552734,-180.53916931152344,-269.72296142578125,205.95822143554688,36
48.955631256103516,62.19338607788086,-47.601051330566406,-269.72296142578125,205.95822143554688,36
-113.30523681640625,-163.1034698486328,-250.95709228515625,-269.72296142578125,205.95822143554688,36
-20.791400909423828,17.395450592041016,-202.73143005371094,-269.72296142578125,205.95822143554688,36
-76.64241790771484,-152.85406494140625,-199.8786163330078,-269.72296142578125,205.95822143554688,36
-116.03670501708984,-179.3378448486328,-233.6231689453125,-269.72296142578125,205.95822143554688,36
-20.127212524414062,-14.999643325805664,-128.79185485839844,-269.72296142578125,205.95822143554688,36
-114.3834457397461,-167.36935424804688,-231.63856506347656,-269.72296142578125,205.95822143554688,36
30.26787567138672,75.64185333251953,-203.5355987548828,-269.72296142578125,205.95822143554688,36
-36.127689361572266,-23.47488021850586,-169.31298828125,-269.72296142578125,205.95822143554688,36
-97.33577728271484,-145.46583557128906,-186.07369995117188,-269.72296142578125,205.95822143554688,36
38.3279914855957,49.91975402832031,-38.877296447753906,-269.72296142578125,205.95822143554688,36
-39.014827728271484,-40.56357192993164,-183.5938262939453,-269.72296142578125,205.95822143554688,36
-36.5311393737793,-56.8684196472168,-184.51046752929688,-269.72296142578125,205.95822143554688,36
-150.52426147460938,-181.94715881347656,-242.86231994628906,-269.72296142578125,205.95822143554688,36
-64.87151336669922,-123.07432556152344,-239.26329040527344,-269.72296142578125,205.95822143554688,36
-80.49516296386719,-151.71511840820312,-206.62022399902344,-269.72296142578125,205.95822143554688,36
-52.07838439941406,-73.0066146850586,-142.91612243652344,-269.72296142578125,205.95822143554688,36
-11.023275375366211,-8.470854759216309,-117.59281158447266,-269.72296142578125,205.95822143554688,36
-62.44929122924805,-133.92489624023438,-197.26454162597656,-269.72296142578125,205.95822143554688,36
-72.01081848144531,-107.54143524169922,-213.7976531982422,-269.72296142578125,205.95822143554688,36
2.2997303009033203,-8.384634971618652,-52.45595932006836,-269.72296142578125,205.95822143554688,36
-133.17213439941406,-150.8323516845703,-208.02488708496094,-269.72296142578125,205.95822143554688,36
-58.945796966552734,-31.7080020904541,-205.0571746826172,-269.72296142578125,205.95822143554688,36
-121.16496276855469,-150.06121826171875,-199.22413635253906,-269.72296142578125,205.95822143554688,36
-2.080639362335205,14.888062477111816,-133.14500427246094,-269.72296142578125,205.95822143554688,36
-63.88972854614258,-127.57820129394531,-192.51211547851562,-269.72296142578125,205.95822143554688,36
-98.52716064453125,-137.50228881835938,-191.2014617919922,-269.72296142578125,205.95822143554688,36
-40.30097961425781,-63.966026306152344,-207.23057556152344,-269.72296142578125,205.95822143554688,36
-91.26800537109375,-169.77757263183594,-196.46107482910156,-269.72296142578125,205.95822143554688,36
-0.44395777583122253,41.22391128540039,-183.98841857910156,-269.72296142578125,205.95822143554688,36
-118.13612365722656,-150.94349670410156,-201.90638732910156,-269.72296142578125,205.95822143554688,36
-145.52708435058594,-172.064208984375,-211.06890869140625,-269.72296142578125,205.95822143554688,36
-119.2098159790039,-160.0991668701172,-213.85829162597656,-269.72296142578125,205.95822143554688,36
-128.1837615966797,-172.48939514160156,-243.44537353515625,-269.72296142578125,205.95822143554688,36
-23.5352840423584,30.783416748046875,-213.69473266601562,-269.72296142578125,205.95822143554688,36
-53.834442138671875,-51.107845306396484,-197.03309631347656,-269.72296142578125,205.95822143554688,36
3.8954806327819824,-5.780737400054932,-119.86563873291016,-269.72296142578125,205.95822143554688,36
-144.43272399902344,-163.34429931640625,-215.9754638671875,-269.72296142578125,205.95822143554688,36
-93.10028839111328,-163.5871124267578,-232.92990112304688,-269.72296142578125,205.95822143554688,36
-173.2567901611328,-196.8105926513672,-259.0956726074219,-269.72296142578125,205.95822143554688,36
-112.62146759033203,-166.71368408203125,-224.70327758789062,-269.72296142578125,205.95822143554688,36
-177.82681274414062,-204.2014923095703,-257.3968505859375,-269.72296142578125,205.95822143554688,36
-47.0503044128418,-78.9978256225586,-201.76976013183594,-269.72296142578125,205.95822143554688,36
-35.250152587890625,-70.56842041015625,-139.61898803710938,-269.72296142578125,205.95822143554688,36
71.65609741210938,106.56330108642578,-170.88673400878906,-269.72296142578125,205.95822143554688,36
-61.42243194580078,-117.63282775878906,-167.40174865722656,-269.72296142578125,205.95822143554688,36
-150.5909423828125,-158.4521942138672,-231.13172912597656,-269.72296142578125,205.95822143554688,36
-81.7694320678711,-175.65496826171875,-224.62704467773438,-269.72296142578125,205.95822143554688,36
-68.50042724609375,-135.75051879882812,-207.6328887939453,-269.72296142578125,205.95822143554688,36
-110.41224670410156,-137.2303009033203,-224.34121704101562,-269.72296142578125,205.95822143554688,36
-59.8044548034668,-100.1033935546875,-205.12940979003906,-269.72296142578125,205.95822143554688,36
38.57164764404297,98.0362548828125,-210.72499084472656,-269.72296142578125,205.95822143554688,36
-55.21498107910156,-110.03079223632812,-213.31471252441406,-269.72296142578125,205.95822143554688,36
-178.20059204101562,-194.25376892089844,-234.69589233398438,-269.72296142578125,205.95822143554688,36
-117.90042114257812,-175.253173828125,-213.79518127441406,-269.72296142578125,205.95822143554688,36
-36.72062683105469,-12.001845359802246,-242.88018798828125,-269.72296142578125,205.95822143554688,36
-165.2347412109375,-185.5525360107422,-221.54556274414062,-269.72296142578125,205.95822143554688,36
-108.5232925415039,-153.1352081298828,-197.0151824951172,-269.72296142578125,205.95822143554688,36
-135.2686004638672,-172.87081909179688,-199.8875274658203,-269.72296142578125,205.95822143554688,36
-74.11363983154297,-147.86412048339844,-231.37356567382812,-269.72296142578125,205.95822143554688,36
-90.11444854736328,-169.34153747558594,-221.90011596679688,-269.72296142578125,205.95822143554688,36
-125.4209976196289,-178.89012145996094,-216.5759735107422,-269.72296142578125,205.95822143554688,36
-146.9411163330078,-193.59542846679688,-231.66204833984375,-269.72296142578125,205.95822143554688,36
-152.0977783203125,-172.53810119628906,-239.85568237304688,-269.72296142578125,205.95822143554688,36
-177.0548858642578,-213.1829376220703,-255.796630859375,-269.72296142578125,205.95822143554688,36
-159.7082977294922,-210.3148956298828,-242.45330810546875,-269.72296142578125,205.95822143554688,36
-17.842914581298828,31.66339874267578,-183.74603271484375,-269.72296142578125,205.95822143554688,36
-11.287101745605469,45.24846649169922,-238.01002502441406,-269.72296142578125,205.95822143554688,36
-37.9190788269043,-51.288124084472656,-199.89064025878906,-269.72296142578125,205.95822143554688,36
-143.53102111816406,-178.3659210205078,-220.2646484375,-269.72296142578125,205.95822143554688,36
-137.50485229492188,-175.41505432128906,-231.52699279785156,-269.72296142578125,205.95822143554688,36
14.419440269470215,38.854248046875,-99.12870025634766,-269.72296142578125,205.95822143554688,36
-166.8759765625,-186.80409240722656,-229.11373901367188,-269.72296142578125,205.95822143554688,36
-147.96900939941406,-197.0936737060547,-224.9224090576172,-269.72296142578125,205.95822143554688,36
-120.3072280883789,-163.2588348388672,-198.51925659179688,-269.72296142578125,205.95822143554688,36
38.72844314575195,52.05062484741211,-103.22254180908203,-269.72296142578125,205.95822143554688,36
-110.544921875,-158.97645568847656,-217.66270446777344,-269.72296142578125,205.95822143554688,36
-132.25180053710938,-146.66952514648438,-192.68399047851562,-269.72296142578125,205.95822143554688,36
-26.677465438842773,-67.7879409790039,-116.19204711914062,-269.72296142578125,205.95822143554688,36
-18.099746704101562,-30.76421546936035,-102.7637710571289,-269.72296142578125,205.95822143554688,36
-181.1178436279297,-193.76177978515625,-229.4025115966797,-269.72296142578125,205.95822143554688,36
-119.16290283203125,-172.8687744140625,-228.85604858398438,-269.72296142578125,205.95822143554688,36
-151.07992553710938,-169.5442352294922,-208.12457275390625,-269.72296142578125,205.95822143554688,36
-76.1965560913086,-101.96065521240234,-156.07257080078125,-269.72296142578125,205.95822143554688,36
-99.77169799804688,-124.669189453125,-169.6538848876953,-269.72296142578125,205.95822143554688,36
-140.6604766845703,-157.4716796875,-213.99624633789062,-269.72296142578125,205.95822143554688,36
-132.9456329345703,-160.4945526123047,-211.5514373779297,-269.72296142578125,205.95822143554688,36
52.8555908203125,94.56961059570312,-183.94436645507812,-269.72296142578125,205.95822143554688,36
-123.27644348144531,-125.56796264648438,-234.01336669921875,-269.72296142578125,205.95822143554688,36
-80.56365966796875,-99.64147186279297,-207.3019256591797,-269.72296142578125,205.95822143554688,36
-93.54581451416016,-123.44793701171875,-221.69305419921875,-269.72296142578125,205.95822143554688,36
-133.59559631347656,-166.9717254638672,-227.41563415527344,-269.72296142578125,205.95822143554688,36
-120.85198974609375,-168.2847137451172,-226.81759643554688,-269.72296142578125,205.95822143554688,36
-125.47488403320312,-157.82725524902344,-238.8191375732422,-269.72296142578125,205.95822143554688,36
0.6588473320007324,30.65323829650879,-183.89974975585938,-269.72296142578125,205.95822143554688,36
-110.35707092285156,-146.98416137695312,-194.9728240966797,-269.72296142578125,205.95822143554688,36
-113.1221694946289,-142.96524047851562,-236.57351684570312,-269.72296142578125,205.95822143554688,36
34.87578201293945,51.28634262084961,-89.59375,-269.72296142578125,205.95822143554688,36
-158.97511291503906,-153.9892120361328,-228.04925537109375,-269.72296142578125,205.95822143554688,36
-135.38381958007812,-175.87831115722656,-210.3080291748047,-269.72296142578125,205.95822143554688,36
-107.4229507446289,-155.70236206054688,-219.39059448242188,-269.72296142578125,205.95822143554688,36
-125.59175109863281,-151.55271911621094,-183.77333068847656,-269.72296142578125,205.95822143554688,36
-133.4315948486328,-170.84095764160156,-237.8076629638672,-269.72296142578125,205.95822143554688,36
-131.53895568847656,-195.64157104492188,-223.30264282226562,-269.72296142578125,205.95822143554688,36
-171.9351043701172,-192.29039001464844,-227.295654296875,-269.72296142578125,205.95822143554688,36
-63.23684310913086,-85.71480560302734,-194.9781036376953,-269.72296142578125,205.95822143554688,36
-157.67880249023438,-168.67257690429688,-202.48846435546875,-269.72296142578125,205.95822143554688,36
-68.57489013671875,-128.53489685058594,-227.3371124267578,-269.72296142578125,205.95822143554688,36
-116.38560485839844,-139.12423706054688,-221.71640014648438,-269.72296142578125,205.95822143554688,36
-143.8312225341797,-186.8748016357422,-248.41062927246094,-269.72296142578125,205.95822143554688,36
-32.082427978515625,-24.824216842651367,-189.3732452392578,-269.72296142578125,205.95822143554688,36
-135.6314697265625,-176.56314086914062,-211.2351837158203,-269.72296142578125,205.95822143554688,36
-111.57185363769531,-136.40728759765625,-173.27114868164062,-269.72296142578125,205.95822143554688,36
-124.5613784790039,-118.6409912109375,-225.62039184570312,-269.72296142578125,205.95822143554688,36
-92.03961181640625,-126.96381378173828,-197.59983825683594,-269.72296142578125,205.95822143554688,36
-35.455345153808594,-82.8807373046875,-194.6528778076172,-269.72296142578125,205.95822143554688,36
15.863426208496094,40.33028030395508,-87.3179931640625,-269.72296142578125,205.95822143554688,36
-105.79328918457031,-180.17959594726562,-230.33160400390625,-269.72296142578125,205.95822143554688,36
-181.29176330566406,-212.29034423828125,-252.37808227539062,-269.72296142578125,205.95822143554688,36
-142.76170349121094,-179.70559692382812,-227.42852783203125,-269.72296142578125,205.95822143554688,36
-83.48455047607422,-135.5458984375,-209.086669921875,-269.72296142578125,205.95822143554688,36
-92.0999526977539,-175.08981323242188,-238.54586791992188,-269.72296142578125,205.95822143554688,36
-151.7168426513672,-213.72999572753906,-259.122314453125,-269.72296142578125,205.95822143554688,36
7.26582145690918,107.65628051757812,-182.9305877685547,-269.72296142578125,205.95822143554688,36
-121.36419677734375,-189.85350036621094,-232.85940551757812,-269.72296142578125,205.95822143554688,36
-170.66615295410156,-172.71865844726562,-229.4601593017578,-269.72296142578125,205.95822143554688,36
-164.31851196289062,-192.83216857910156,-236.4442596435547,-269.72296142578125,205.95822143554688,36
-150.01661682128906,-171.9173126220703,-232.81434631347656,-269.72296142578125,205.95822143554688,36
-7.0513811111450195,31.9990177154541,-153.0023651123047,-269.72296142578125,205.95822143554688,36
-107.91880798339844,-133.10707092285156,-184.2088623046875,-269.72296142578125,205.95822143554688,36
-158.22305297851562,-193.05421447753906,-249.90475463867188,-269.72296142578125,205.95822143554688,36
-190.30282592773438,-225.04920959472656,-251.904296875,-269.72296142578125,205.95822143554688,36
-146.36302185058594,-207.58192443847656,-224.12234497070312,-269.72296142578125,205.95822143554688,36
-185.86312866210938,-205.91200256347656,-233.9745635986328,-269.72296142578125,205.95822143554688,36
-152.64207458496094,-194.851318359375,-254.40557861328125,-269.72296142578125,205.95822143554688,36
-101.71771240234375,-156.35391235351562,-212.0698699951172,-269.72296142578125,205.95822143554688,36
-165.71847534179688,-194.89300537109375,-240.30380249023438,-269.72296142578125,205.95822143554688,36
-196.23822021484375,-196.90496826171875,-256.508056640625,-269.72296142578125,205.95822143554688,36
29.15235710144043,55.845760345458984,-164.78660583496094,-269.72296142578125,205.95822143554688,36
-146.3590545654297,-176.9026336669922,-229.4073486328125,-269.72296142578125,205.95822143554688,36
-46.65455627441406,-57.39824295043945,-123.2905502319336,-269.72296142578125,205.95822143554688,36
-114.82476806640625,-131.51963806152344,-204.1688995361328,-269.72296142578125,205.95822143554688,36
-180.2283172607422,-192.58697509765625,-230.99969482421875,-269.72296142578125,205.95822143554688,36
-146.2162628173828,-202.1035614013672,-244.81378173828125,-269.72296142578125,205.95822143554688,36
-4.7261247634887695,48.09506607055664,-185.97787475585938,-269.72296142578125,205.95822143554688,36
-60.056739807128906,-137.904296875,-191.75888061523438,-269.72296142578125,205.95822143554688,36
-172.82603454589844,-187.956298828125,-226.59280395507812,-269.72296142578125,205.95822143554688,36
-173.96580505371094,-193.73062133789062,-235.94065856933594,-269.72296142578125,205.95822143554688,36
-7.34358024597168,-19.676137924194336,-88.51850891113281,-269.72296142578125,205.95822143554688,36
-195.9753875732422,-200.26364135742188,-250.9742431640625,-269.72296142578125,205.95822143554688,36
-111.32776641845703,-157.5065155029297,-206.4015350341797,-269.72296142578125,205.95822143554688,36
-148.5123291015625,-181.28469848632812,-216.2089080810547,-269.72296142578125,205.95822143554688,36
-27.396617889404297,-48.63639450073242,-129.94131469726562,-269.72296142578125,205.95822143554688,36
-95.08216857910156,-149.61895751953125,-213.10470581054688,-269.72296142578125,205.95822143554688,36
-176.51409912109375,-201.21798706054688,-248.34600830078125,-269.72296142578125,205.95822143554688,36
-175.16355895996094,-202.4796905517578,-244.6117706298828,-269.72296142578125,205.95822143554688,36
-119.48931884765625,-141.63604736328125,-193.30276489257812,-269.72296142578125,205.95822143554688,36
31.2685489654541,37.24321365356445,-24.47604751586914,-269.72296142578125,205.95822143554688,36
-73.18085479736328,-121.88616943359375,-181.06919860839844,-269.72296142578125,205.95822143554688,36
-92.95918273925781,-189.41470336914062,-242.4669952392578,-269.72296142578125,205.95822143554688,36
-87.98986053466797,-145.6572265625,-178.3006591796875,-269.72296142578125,205.95822143554688,36
-100.00077819824219,-169.18637084960938,-222.07777404785156,-269.72296142578125,205.95822143554688,36
-182.13026428222656,-200.5333251953125,-242.677001953125,-269.72296142578125,205.95822143554688,36
-177.6910858154297,-200.19955444335938,-243.23193359375,-269.72296142578125,205.95822143554688,36
-143.29908752441406,-169.6050262451172,-225.61968994140625,-269.72296142578125,205.95822143554688,36
-94.06768035888672,-122.80525207519531,-210.09165954589844,-269.72296142578125,205.95822143554688,36
-161.4315185546875,-195.06895446777344,-237.72451782226562,-269.72296142578125,205.95822143554688,36
-132.68130493164062,-209.54315185546875,-246.95855712890625,-269.72296142578125,205.95822143554688,36
-144.8725128173828,-157.7298126220703,-213.56761169433594,-269.72296142578125,205.95822143554688,36
-16.683284759521484,-23.761844635009766,-121.2493896484375,-269.72296142578125,205.95822143554688,36
-155.86294555664062,-169.84898376464844,-222.0341033935547,-269.72296142578125,205.95822143554688,36
-72.01895904541016,-104.3817138671875,-169.7120361328125,-269.72296142578125,205.95822143554688,36
-133.45211791992188,-157.97344970703125,-202.37452697753906,-269.72296142578125,205.95822143554688,36
-170.72071838378906,-191.38502502441406,-228.72015380859375,-269.72296142578125,205.95822143554688,36
-115.57785034179688,-208.7098846435547,-239.34979248046875,-269.72296142578125,205.95822143554688,36
-128.35089111328125,-192.29507446289062,-238.86097717285156,-269.72296142578125,205.95822143554688,36
-27.79987907409668,-36.899627685546875,-109.79045867919922,-269.72296142578125,205.95822143554688,36
-33.09890365600586,53.07559585571289,-210.6318817138672,-269.72296142578125,205.95822143554688,36
-132.5714874267578,-153.50364685058594,-214.23863220214844,-269.72296142578125,205.95822143554688,36
-171.5904998779297,-203.70223999023438,-229.3354949951172,-269.72296142578125,205.95822143554688,36
-111.73431396484375,-167.4942626953125,-196.19287109375,-269.72296142578125,205.95822143554688,36
-108.49153900146484,-136.53665161132812,-203.03366088867188,-269.72296142578125,205.95822143554688,36
-146.18850708007812,-160.8773956298828,-234.42230224609375,-269.72296142578125,205.95822143554688,36
-106.79131317138672,-134.82818603515625,-209.6821746826172,-269.72296142578125,205.95822143554688,36
-43.58318328857422,-87.87018585205078,-202.57461547851562,-269.72296142578125,205.95822143554688,36
-24.77812957763672,-41.499568939208984,-136.0795135498047,-269.72296142578125,205.95822143554688,36
-180.1484832763672,-192.3254852294922,-212.3988494873047,-269.72296142578125,205.95822143554688,36
-178.91482543945312,-196.41549682617188,-227.03192138671875,-269.72296142578125,205.95822143554688,36
-129.45416259765625,-199.2488555908203,-235.2263946533203,-269.72296142578125,205.95822143554688,36
-177.27476501464844,-185.95626831054688,-238.9804229736328,-269.72296142578125,205.95822143554688,36
-155.78663635253906,-182.70567321777344,-211.5513916015625,-269.72296142578125,205.95822143554688,36
-132.20643615722656,-175.81019592285156,-215.4383544921875,-269.72296142578125,205.95822143554688,36
-141.90541076660156,-183.90093994140625,-215.6804962158203,-269.72296142578125,205.95822143554688,36
-57.45011520385742,-72.49180603027344,-145.59222412109375,-269.72296142578125,205.95822143554688,36
-82.84589385986328,-193.4221649169922,-223.76983642578125,-269.72296142578125,205.95822143554688,36
-179.80307006835938,-181.23297119140625,-210.94808959960938,-269.72296142578125,205.95822143554688,36
-144.21253967285156,-174.945068359375,-203.48744201660156,-269.72296142578125,205.95822143554688,36
-35.254146575927734,-46.19700622558594,-84.25935363769531,-269.72296142578125,205.95822143554688,36
-41.328712463378906,-57.037498474121094,-133.23435974121094,-269.72296142578125,205.95822143554688,36
-89.68470764160156,-158.7261199951172,-219.71690368652344,-269.72296142578125,205.95822143554688,36
-118.47875213623047,-202.6580352783203,-223.38632202148438,-269.72296142578125,205.95822143554688,36
-158.20394897460938,-203.5922393798828,-239.02435302734375,-269.72296142578125,205.95822143554688,36
-177.99288940429688,-214.8095245361328,-261.4963073730469,-269.72296142578125,205.95822143554688,36
66.80789947509766,88.06102752685547,-95.8890380859375,-269.72296142578125,205.95822143554688,36
-122.11543273925781,-162.9109344482422,-215.6942138671875,-269.72296142578125,205.95822143554688,36
-127.8327407836914,-131.1483612060547,-202.0052947998047,-269.72296142578125,205.95822143554688,36
-171.64883422851562,-206.13963317871094,-235.77557373046875,-269.72296142578125,205.95822143554688,36
-185.72242736816406,-205.383056640625,-239.87344360351562,-269.72296142578125,205.95822143554688,36
-40.403831481933594,14.715611457824707,-231.94483947753906,-269.72296142578125,205.95822143554688,36
-120.3946304321289,-178.57347106933594,-233.82655334472656,-269.72296142578125,205.95822143554688,36
-120.56939697265625,-198.6284942626953,-229.99391174316406,-269.72296142578125,205.95822143554688,36
-160.2621307373047,-189.15231323242188,-247.363525390625,-269.72296142578125,205.95822143554688,36
-35.754642486572266,-61.634735107421875,-177.12664794921875,-269.72296142578125,205.95822143554688,36
-3.818228006362915,-34.836734771728516,-145.73558044433594,-269.72296142578125,205.95822143554688,36
-72.13723754882812,-119.74237823486328,-200.83282470703125,-269.72296142578125,205.95822143554688,36
-183.06710815429688,-195.41806030273438,-257.96014404296875,-269.72296142578125,205.95822143554688,36
-63.842803955078125,-95.18665313720703,-157.91990661621094,-269.72296142578125,205.95822143554688,36
-189.70675659179688,-215.42103576660156,-251.5790252685547,-269.72296142578125,205.95822143554688,36
-114.50067901611328,-160.70266723632812,-219.4924774169922,-269.72296142578125,205.95822143554688,36
-192.47943115234375,-218.70367431640625,-242.76632690429688,-269.72296142578125,205.95822143554688,36
-164.54171752929688,-201.26309204101562,-245.4121551513672,-269.72296142578125,205.95822143554688,36
-162.0819549560547,-216.9388427734375,-241.45863342285156,-269.72296142578125,205.95822143554688,36
-97.5816421508789,-129.0594024658203,-203.8026885986328,-269.72296142578125,205.95822143554688,36
3.026658773422241,3.780524492263794,-94.65929412841797,-269.72296142578125,205.95822143554688,36
-172.08340454101562,-215.9200439453125,-241.7967071533203,-269.72296142578125,205.95822143554688,36
-102.10311126708984,-179.57138061523438,-249.5536651611328,-269.72296142578125,205.95822143554688,36
-158.87258911132812,-184.01837158203125,-215.26206970214844,-269.72296142578125,205.95822143554688,36
-78.59122467041016,-83.27810668945312,-142.65109252929688,-269.72296142578125,205.95822143554688,36
-121.2584457397461,-189.207763671875,-224.2986297607422,-269.72296142578125,205.95822143554688,36
-48.209590911865234,-58.218204498291016,-97.21372985839844,-269.72296142578125,205.95822143554688,36
0.41969233751296997,-10.21284294128418,-180.08013916015625,-269.72296142578125,205.95822143554688,36
-151.46156311035156,-183.3157501220703,-224.59715270996094,-269.72296142578125,205.95822143554688,36
-182.36083984375,-212.15792846679688,-248.2425994873047,-269.72296142578125,205.95822143554688,36
-210.3401641845703,-229.98146057128906,-260.3399353027344,-269.72296142578125,205.95822143554688,36
-19.551149368286133,-35.54121398925781,-119.00801849365234,-269.72296142578125,205.95822143554688,36
-81.43806457519531,-66.4328842163086,-161.95956420898438,-269.72296142578125,205.95822143554688,36
-68.66569519042969,-93.0186996459961,-118.86438751220703,-269.72296142578125,205.95822143554688,36
-151.9476318359375,-153.6147003173828,-191.09336853027344,-269.72296142578125,205.95822143554688,36
-157.34226989746094,-199.3415069580078,-241.19337463378906,-269.72296142578125,205.95822143554688,36
-117.9138412475586,-146.8607177734375,-226.95675659179688,-269.72296142578125,205.95822143554688,36
-186.7244415283203,-195.53997802734375,-240.2293701171875,-269.72296142578125,205.95822143554688,36
-106.58457946777344,-117.38543701171875,-177.55406188964844,-269.72296142578125,205.95822143554688,36
-135.85479736328125,-157.47216796875,-211.46963500976562,-269.72296142578125,205.95822143554688,36
-194.25120544433594,-205.99705505371094,-237.62777709960938,-269.72296142578125,205.95822143554688,36
-142.0314483642578,-152.10183715820312,-204.98397827148438,-269.72296142578125,205.95822143554688,36
-138.6230926513672,-165.63453674316406,-218.17172241210938,-269.72296142578125,205.95822143554688,36
-128.3890838623047,-184.25845336914062,-216.6646270751953,-269.72296142578125,205.95822143554688,36
-114.5236587524414,-150.68032836914062,-182.53839111328125,-269.72296142578125,205.95822143554688,36
-98.59663391113281,-139.49844360351562,-192.54827880859375,-269.72296142578125,205.95822143554688,36
-161.8440399169922,-161.18685913085938,-215.4453125,-269.72296142578125,205.95822143554688,36
-196.8655548095703,-200.51751708984375,-247.935791015625,-269.72296142578125,205.95822143554688,36
-141.1741180419922,-166.75511169433594,-220.50274658203125,-269.72296142578125,205.95822143554688,36
-93.55982208251953,-151.2440643310547,-184.41685485839844,-269.72296142578125,205.95822143554688,36
-206.3174285888672,-208.75804138183594,-254.35186767578125,-269.72296142578125,205.95822143554688,36
-184.86920166015625,-223.8876495361328,-255.3934783935547,-269.72296142578125,205.95822143554688,36
-108.6444320678711,-191.4931640625,-229.409912109375,-269.72296142578125,205.95822143554688,36
-112.0669937133789,-189.88417053222656,-238.2089080810547,-269.72296142578125,205.95822143554688,36
-164.2332000732422,-197.7769775390625,-234.79556274414062,-269.72296142578125,205.95822143554688,36
-45.545936584472656,-10.17679214477539,-212.20387268066406,-269.72296142578125,205.95822143554688,36
-111.4150161743164,-151.78103637695312,-185.5626220703125,-269.72296142578125,205.95822143554688,36
-122.94257354736328,-156.39874267578125,-193.98892211914062,-269.72296142578125,205.95822143554688,36
-145.79205322265625,-139.40615844726562,-198.28652954101562,-269.72296142578125,205.95822143554688,36
-199.9859619140625,-205.93748474121094,-238.9580535888672,-269.72296142578125,205.95822143554688,36
-210.41085815429688,-212.21290588378906,-244.38365173339844,-269.72296142578125,205.95822143554688,36
-80.85015869140625,-131.84661865234375,-176.60653686523438,-269.72296142578125,205.95822143554688,36
-147.70172119140625,-180.17587280273438,-210.74627685546875,-269.72296142578125,205.95822143554688,36
-21.042583465576172,-43.24964141845703,-126.33118438720703,-269.72296142578125,205.95822143554688,36
-170.714599609375,-174.8570098876953,-219.51019287109375,-269.72296142578125,205.95822143554688,36
-71.25102996826172,-132.12081909179688,-197.03927612304688,-269.72296142578125,205.95822143554688,36
-195.40635681152344,-211.13734436035156,-233.52964782714844,-269.72296142578125,205.95822143554688,36
-190.73794555664062,-205.3335418701172,-241.4456787109375,-269.72296142578125,205.95822143554688,36
-173.5836639404297,-187.0269775390625,-261.7560729980469,-269.72296142578125,205.95822143554688,36
-110.69740295410156,-135.72738647460938,-187.61257934570312,-269.72296142578125,205.95822143554688,36
-115.34771728515625,-172.18487548828125,-222.70587158203125,-269.72296142578125,205.95822143554688,36
-80.02839660644531,-140.90980529785156,-225.47921752929688,-269.72296142578125,205.95822143554688,36
-138.50502014160156,-170.8607635498047,-204.3822021484375,-269.72296142578125,205.95822143554688,36
-136.26951599121094,-160.6939239501953,-219.57456970214844,-269.72296142578125,205.95822143554688,36
-112.55155944824219,-184.9667205810547,-231.39016723632812,-269.72296142578125,205.95822143554688,36
-124.63090515136719,-156.6824951171875,-201.13729858398438,-269.72296142578125,205.95822143554688,36
-186.13633728027344,-201.83981323242188,-263.38653564453125,-269.72296142578125,205.95822143554688,36
-124.68253326416016,-191.6744842529297,-226.25169372558594,-269.72296142578125,205.95822143554688,36
27.94037437438965,48.2067756652832,-71.80455780029297,-269.72296142578125,205.95822143554688,36
-175.49429321289062,-188.03587341308594,-252.34439086914062,-269.72296142578125,205.95822143554688,36
-134.2074737548828,-142.69683837890625,-172.46978759765625,-269.72296142578125,205.95822143554688,36
-166.0752410888672,-165.32826232910156,-212.00730895996094,-269.72296142578125,205.95822143554688,36
-145.95639038085938,-182.32049560546875,-236.78176879882812,-269.72296142578125,205.95822143554688,36
-109.23836517333984,-197.89674377441406,-242.18772888183594,-269.72296142578125,205.95822143554688,36
-217.60780334472656,-226.33692932128906,-267.9142761230469,-269.72296142578125,205.95822143554688,36
-218.0224151611328,-214.41322326660156,-261.5455322265625,-269.72296142578125,205.95822143554688,36
-59.480201721191406,-119.37226104736328,-246.08216857910156,-269.72296142578125,205.95822143554688,36
-171.70692443847656,-217.92340087890625,-256.4045715332031,-269.72296142578125,205.95822143554688,36
-79.08373260498047,-105.48043060302734,-180.6212158203125,-269.72296142578125,205.95822143554688,36
-37.192047119140625,-40.84931945800781,-140.89590454101562,-269.72296142578125,205.95822143554688,36
-103.713623046875,-130.72047424316406,-160.75302124023438,-269.72296142578125,205.95822143554688,36
-125.01787567138672,-161.4561004638672,-210.798828125,-269.72296142578125,205.95822143554688,36
-102.81499481201172,-189.09454345703125,-230.0558624267578,-269.72296142578125,205.95822143554688,36
-142.4171905517578,-196.9578857421875,-248.07420349121094,-269.72296142578125,205.95822143554688,36
-82.53802490234375,-179.5169677734375,-209.83782958984375,-269.72296142578125,205.95822143554688,36
-152.96597290039062,-166.15499877929688,-202.95346069335938,-269.72296142578125,205.95822143554688,36
-185.4249267578125,-209.34201049804688,-246.12811279296875,-269.72296142578125,205.95822143554688,36
-133.3406524658203,-196.31898498535156,-237.35433959960938,-269.72296142578125,205.95822143554688,36
-166.13323974609375,-201.56048583984375,-245.164306640625,-269.72296142578125,205.95822143554688,36
-95.25602722167969,-98.82440185546875,-187.7251739501953,-269.72296142578125,205.95822143554688,36
-181.3955078125,-217.9718780517578,-249.18447875976562,-269.72296142578125,205.95822143554688,36
-70.48513793945312,-167.05368041992188,-231.18597412109375,-269.72296142578125,205.95822143554688,36
-65.31737518310547,-84.04743957519531,-159.46343994140625,-269.72296142578125,205.95822143554688,36
-208.16651916503906,-210.6019744873047,-236.05978393554688,-269.72296142578125,205.95822143554688,36
-160.34292602539062,-199.56341552734375,-233.78585815429688,-269.72296142578125,205.95822143554688,36
-33.86489486694336,14.161947250366211,-212.79783630371094,-269.72296142578125,205.95822143554688,36
-187.16856384277344,-186.65980529785156,-239.3934783935547,-269.72296142578125,205.95822143554688,36
-76.9203872680664,-134.07139587402344,-187.71214294433594,-269.72296142578125,205.95822143554688,36
-163.64358520507812,-213.88681030273438,-227.3502960205078,-269.72296142578125,205.95822143554688,36
-147.4326629638672,-168.70181274414062,-208.09352111816406,-269.72296142578125,205.95822143554688,36
0.3159531354904175,-16.0861759185791,-136.2174835205078,-269.72296142578125,205.95822143554688,36
-211.98365783691406,-223.23504638671875,-242.21571350097656,-269.72296142578125,205.95822143554688,36
-150.67221069335938,-161.79237365722656,-191.9613800048828,-269.72296142578125,205.95822143554688,36
-87.5970230102539,-107.52261352539062,-185.4889678955078,-269.72296142578125,205.95822143554688,36
-132.18087768554688,-156.07501220703125,-191.64146423339844,-269.72296142578125,205.95822143554688,36
-167.89495849609375,-201.39979553222656,-216.42132568359375,-269.72296142578125,205.95822143554688,36
-206.10260009765625,-217.1102752685547,-248.38621520996094,-269.72296142578125,205.95822143554688,36
-157.7928466796875,-163.87828063964844,-209.92970275878906,-269.72296142578125,205.95822143554688,36
-146.67465209960938,-190.24874877929688,-225.90452575683594,-269.72296142578125,205.95822143554688,36
-105.65473937988281,-134.15194702148438,-196.3328399658203,-269.72296142578125,205.95822143554688,36
-188.9536590576172,-206.25457763671875,-235.8802490234375,-269.72296142578125,205.95822143554688,36
-111.11797332763672,-121.29779815673828,-173.54238891601562,-269.72296142578125,205.95822143554688,36
-99.23922729492188,-148.56008911132812,-193.67074584960938,-269.72296142578125,205.95822143554688,36
-166.1558837890625,-200.94610595703125,-232.2556915283203,-269.72296142578125,205.95822143554688,36
-126.67407989501953,-129.2120361328125,-173.67152404785156,-269.72296142578125,205.95822143554688,36
-172.33302307128906,-177.32847595214844,-206.30374145507812,-269.72296142578125,205.95822143554688,36
-161.19940185546875,-173.06776428222656,-204.33926391601562,-269.72296142578125,205.95822143554688,36
-152.18603515625,-169.60781860351562,-188.2057342529297,-269.72296142578125,205.95822143554688,36
-180.8077850341797,-214.4902801513672,-241.7389678955078,-269.72296142578125,205.95822143554688,36
-8.205426216125488,-5.439734935760498,-76.75604248046875,-269.72296142578125,205.95822143554688,36
-116.86335754394531,-182.82431030273438,-227.94931030273438,-269.72296142578125,205.95822143554688,36
-78.13248443603516,-106.74967193603516,-168.9532470703125,-269.72296142578125,205.95822143554688,36
-113.5468521118164,-125.88934326171875,-167.69203186035156,-269.72296142578125,205.95822143554688,36
-111.679443359375,-175.0364227294922,-222.73049926757812,-269.72296142578125,205.95822143554688,36
-116.73855590820312,-152.3850860595703,-189.79702758789062,-269.72296142578125,205.95822143554688,36
-185.28070068359375,-190.80349731445312,-212.7346649169922,-269.72296142578125,205.95822143554688,36
-95.6858139038086,-171.4205780029297,-204.9818878173828,-269.72296142578125,205.95822143554688,36
-124.84288024902344,-138.7481689453125,-182.54689025878906,-269.72296142578125,205.95822143554688,36
-182.59971618652344,-206.82537841796875,-226.705078125,-269.72296142578125,205.95822143554688,36
-117.22089385986328,-183.41445922851562,-223.0279083251953,-269.72296142578125,205.95822143554688,36
-189.7986297607422,-207.64096069335938,-232.26048278808594,-269.72296142578125,205.95822143554688,36
-193.89364624023438,-208.7790985107422,-232.38221740722656,-269.72296142578125,205.95822143554688,36
-183.40977478027344,-211.1803436279297,-224.8391876220703,-269.72296142578125,205.95822143554688,36
-33.050296783447266,-48.90628433227539,-108.1981430053711,-269.72296142578125,205.95822143554688,36
-184.2949676513672,-193.79298400878906,-218.24838256835938,-269.72296142578125,205.95822143554688,36
-130.70005798339844,-149.67343139648438,-182.50880432128906,-269.72296142578125,205.95822143554688,36
2.90057110786438,50.60972595214844,-190.03982543945312,-269.72296142578125,205.95822143554688,36
-186.14361572265625,-194.600341796875,-217.03070068359375,-269.72296142578125,205.95822143554688,36
-161.49691772460938,-185.99053955078125,-231.61026000976562,-269.72296142578125,205.95822143554688,36
-102.84629821777344,-196.0043182373047,-217.6142578125,-269.72296142578125,205.95822143554688,36
-190.5761260986328,-217.06634521484375,-234.14259338378906,-269.72296142578125,205.95822143554688,36
-200.23696899414062,-214.8138427734375,-239.77674865722656,-269.72296142578125,205.95822143554688,36
-180.01480102539062,-217.8491668701172,-239.15016174316406,-269.72296142578125,205.95822143554688,36
-110.34490966796875,-164.8237762451172,-200.09707641601562,-269.72296142578125,205.95822143554688,36
-192.9502410888672,-224.42308044433594,-245.59974670410156,-269.72296142578125,205.95822143554688,36
-112.0721206665039,-178.6592559814453,-215.40707397460938,-269.72296142578125,205.95822143554688,36
-128.5290069580078,-188.20033264160156,-220.0277862548828,-269.72296142578125,205.95822143554688,36
-163.98974609375,-184.33242797851562,-240.00807189941406,-269.72296142578125,205.95822143554688,36
-108.7962417602539,-160.5008544921875,-208.39637756347656,-269.72296142578125,205.95822143554688,36
-71.37179565429688,-120.3059310913086,-176.68838500976562,-269.72296142578125,205.95822143554688,36
-121.48212432861328,-160.38034057617188,-198.39340209960938,-269.72296142578125,205.95822143554688,36
-152.09130859375,-170.3015594482422,-203.70541381835938,-269.72296142578125,205.95822143554688,36
-195.9148406982422,-196.8606719970703,-221.42835998535156,-269.72296142578125,205.95822143554688,36
-157.35122680664062,-181.69961547851562,-206.56082153320312,-269.72296142578125,205.95822143554688,36
-148.65696716308594,-204.83474731445312,-227.71018981933594,-269.72296142578125,205.95822143554688,36
-184.99838256835938,-212.41387939453125,-237.20509338378906,-269.72296142578125,205.95822143554688,36
-129.0523681640625,-178.05259704589844,-203.90399169921875,-269.72296142578125,205.95822143554688,36
-25.1068058013916,-27.202871322631836,-102.13980865478516,-269.72296142578125,205.95822143554688,36
-151.41876220703125,-204.0145721435547,-238.50047302246094,-269.72296142578125,205.95822143554688,36
-143.77871704101562,-201.2474822998047,-243.92404174804688,-269.72296142578125,205.95822143554688,36
-153.05931091308594,-176.68182373046875,-235.0609130859375,-269.72296142578125,205.95822143554688,36
-43.57500076293945,-61.69060134887695,-140.1862335205078,-269.72296142578125,205.95822143554688,36
-156.60462951660156,-201.2400665283203,-228.7164764404297,-269.72296142578125,205.95822143554688,36
-58.566349029541016,-34.729434967041016,-233.16432189941406,-269.72296142578125,205.95822143554688,36
-133.1245574951172,-192.94854736328125,-220.1375274658203,-269.72296142578125,205.95822143554688,36
-182.91310119628906,-210.53419494628906,-241.43634033203125,-269.72296142578125,205.95822143554688,36
-20.21847152709961,32.155242919921875,-185.619140625,-269.72296142578125,205.95822143554688,36
-208.99610900878906,-230.4910888671875,-254.6754608154297,-269.72296142578125,205.95822143554688,36
-20.65308380126953,20.8051815032959,-204.48419189453125,-269.72296142578125,205.95822143554688,36
-87.73493957519531,-146.95811462402344,-220.79115295410156,-269.72296142578125,205.95822143554688,36
-90.85601043701172,-122.81871032714844,-173.574462890625,-269.72296142578125,205.95822143554688,36
-159.3585968017578,-211.7799530029297,-233.4084930419922,-269.72296142578125,205.95822143554688,36
-109.68982696533203,-130.2559356689453,-189.71836853027344,-269.72296142578125,205.95822143554688,36
-143.8013916015625,-205.05929565429688,-219.96359252929688,-269.72296142578125,205.95822143554688,36
-101.9834976196289,-138.58692932128906,-212.08004760742188,-269.72296142578125,205.95822143554688,36
-181.2938995361328,-212.15731811523438,-229.99647521972656,-269.72296142578125,205.95822143554688,36
-114.0315170288086,-170.00946044921875,-212.15017700195312,-269.72296142578125,205.95822143554688,36
-72.66344451904297,-95.70223999023438,-156.34812927246094,-269.72296142578125,205.95822143554688,36
-28.857141494750977,-26.713640213012695,-169.31031799316406,-269.72296142578125,205.95822143554688,36
-189.8694305419922,-186.53848266601562,-235.2764129638672,-269.72296142578125,205.95822143554688,36
-131.33493041992188,-160.6000213623047,-197.79322814941406,-269.72296142578125,205.95822143554688,36
-11.19708251953125,-16.352243423461914,-97.81105041503906,-269.72296142578125,205.95822143554688,36
-147.7032928466797,-178.75669860839844,-203.96241760253906,-269.72296142578125,205.95822143554688,36
-151.1200714111328,-198.7508544921875,-213.9282684326172,-269.72296142578125,205.95822143554688,36
-114.35908508300781,-130.69874572753906,-175.84393310546875,-269.72296142578125,205.95822143554688,36
-168.1886749267578,-195.0630340576172,-240.54800415039062,-269.72296142578125,205.95822143554688,36
-105.21263885498047,-136.93084716796875,-188.96063232421875,-269.72296142578125,205.95822143554688,36
-161.77825927734375,-194.46194458007812,-233.8068389892578,-269.72296142578125,205.95822143554688,36
-148.6131591796875,-210.35023498535156,-235.3295135498047,-269.72296142578125,205.95822143554688,36
-62.226314544677734,-122.91952514648438,-191.10714721679688,-269.72296142578125,220.39657592773438,36
-59.657230377197266,-72.81169128417969,-209.97520446777344,-269.72296142578125,220.39657592773438,36
-151.82742309570312,-199.40631103515625,-221.52223205566406,-269.72296142578125,220.39657592773438,36
-121.657958984375,-131.98939514160156,-189.3940887451172,-269.72296142578125,220.39657592773438,36
-107.52649688720703,-159.2973175048828,-217.3271484375,-269.72296142578125,220.39657592773438,36
-79.30580139160156,-146.0493621826172,-219.2479248046875,-269.72296142578125,220.39657592773438,36
-56.291263580322266,-62.12109375,-124.98361206054688,-269.72296142578125,220.39657592773438,36
-175.0019073486328,-203.18870544433594,-235.69671630859375,-269.72296142578125,220.39657592773438,36
-113.87147521972656,-162.76815795898438,-237.79653930664062,-269.72296142578125,220.39657592773438,36
-156.80250549316406,-196.99798583984375,-239.70086669921875,-269.72296142578125,220.39657592773438,36
-123.59429931640625,-151.44265747070312,-202.19740295410156,-269.72296142578125,220.39657592773438,36
-144.97146606445312,-203.2953338623047,-229.55056762695312,-269.72296142578125,220.39657592773438,36
-102.47252655029297,-141.90615844726562,-211.18600463867188,-269.72296142578125,220.39657592773438,36
-180.8479461669922,-196.7244415283203,-235.8350830078125,-269.72296142578125,220.39657592773438,36
-159.9520263671875,-192.72303771972656,-233.74740600585938,-269.72296142578125,220.39657592773438,36
-57.7465934753418,-78.67169952392578,-173.53060913085938,-269.72296142578125,220.39657592773438,36
-171.66964721679688,-212.1017303466797,-248.783203125,-269.72296142578125,220.39657592773438,36
-103.88066864013672,-179.06063842773438,-218.94766235351562,-269.72296142578125,220.39657592773438,36
-117.77378845214844,-176.76495361328125,-222.75816345214844,-269.72296142578125,220.39657592773438,36
-188.2445068359375,-220.62290954589844,-248.5232391357422,-269.72296142578125,220.39657592773438,36
-113.91305541992188,-157.1195831298828,-195.5434112548828,-269.72296142578125,220.39657592773438,36
-132.2866973876953,-193.38475036621094,-231.41664123535156,-269.72296142578125,220.39657592773438,36
-142.1568603515625,-183.32449340820312,-237.22288513183594,-269.72296142578125,220.39657592773438,36
-54.26780700683594,-63.238101959228516,-153.40847778320312,-269.72296142578125,220.39657592773438,36
6.697908401489258,-2.395148992538452,-87.22929382324219,-269.72296142578125,220.39657592773438,36
-103.73258972167969,-179.09153747558594,-222.970458984375,-269.72296142578125,220.39657592773438,36
-145.2311553955078,-191.47645568847656,-217.72055053710938,-269.72296142578125,220.39657592773438,36
-149.0900421142578,-179.39785766601562,-211.20889282226562,-269.72296142578125,220.39657592773438,36
-169.1435089111328,-200.77781677246094,-235.00721740722656,-269.72296142578125,220.39657592773438,36
-42.06828689575195,-56.45583724975586,-102.33941650390625,-269.72296142578125,220.39657592773438,36
-128.73214721679688,-202.31590270996094,-235.6122283935547,-269.72296142578125,220.39657592773438,36
-199.1427459716797,-217.76881408691406,-250.82615661621094,-269.72296142578125,220.39657592773438,36
-118.45556640625,-156.98243713378906,-188.789794921875,-269.72296142578125,220.39657592773438,36
-145.19947814941406,-184.38919067382812,-211.0754852294922,-269.72296142578125,220.39657592773438,36
-126.281005859375,-174.3867645263672,-219.55908203125,-269.72296142578125,220.39657592773438,36
-165.76148986816406,-207.314208984375,-221.8585968017578,-269.72296142578125,220.39657592773438,36
-151.35897827148438,-181.22833251953125,-225.8656005859375,-269.72296142578125,220.39657592773438,36
-94.4416275024414,-133.33416748046875,-185.9941864013672,-269.72296142578125,220.39657592773438,36
-60.39337921142578,-90.00286102294922,-163.3322296142578,-269.72296142578125,224.56764221191406,36
-161.0324249267578,-197.17359924316406,-244.47535705566406,-269.72296142578125,224.56764221191406,36
-87.65327453613281,-163.3270721435547,-220.6174774169922,-269.72296142578125,224.56764221191406,36
-93.02644348144531,-135.4892578125,-193.17755126953125,-269.72296142578125,224.56764221191406,36
-181.23373413085938,-202.96194458007812,-227.77845764160156,-269.72296142578125,224.56764221191406,36
-201.4119110107422,-215.99891662597656,-246.85400390625,-269.72296142578125,224.56764221191406,36
-124.80835723876953,-188.85801696777344,-226.7286376953125,-269.72296142578125,224.56764221191406,36
-152.63661193847656,-215.9105224609375,-243.02540588378906,-269.72296142578125,224.56764221191406,36
-161.21865844726562,-221.73980712890625,-241.3360137939453,-269.72296142578125,224.56764221191406,36
-72.66783905029297,-76.7595443725586,-160.9228973388672,-269.72296142578125,224.56764221191406,36
-58.75962829589844,-141.62962341308594,-228.96572875976562,-269.72296142578125,224.56764221191406,36
10.212145805358887,43.475772857666016,-174.90692138671875,-269.72296142578125,224.56764221191406,36
-123.12073516845703,-162.6198272705078,-205.0364227294922,-269.72296142578125,224.56764221191406,36
-103.65101623535156,-154.4657745361328,-194.24786376953125,-269.72296142578125,224.56764221191406,36
-65.84635162353516,-143.1046905517578,-221.85226440429688,-269.72296142578125,224.56764221191406,36
-200.66421508789062,-211.62039184570312,-249.3473358154297,-269.72296142578125,224.56764221191406,36
-150.25120544433594,-219.0349884033203,-252.12371826171875,-269.72296142578125,224.56764221191406,36
-10.005900382995605,-36.19194412231445,-148.33819580078125,-269.72296142578125,224.56764221191406,36
-117.86328887939453,-195.01522827148438,-255.9080352783203,-269.72296142578125,224.56764221191406,36
-97.39376831054688,-127.51522064208984,-189.95652770996094,-269.72296142578125,224.56764221191406,36
-74.08907318115234,-76.39270782470703,-228.2268524169922,-269.72296142578125,224.56764221191406,36
-110.28301239013672,-162.27565002441406,-219.39088439941406,-269.72296142578125,224.56764221191406,36
-80.12895202636719,-160.03741455078125,-230.51727294921875,-269.72296142578125,224.56764221191406,36
-63.1435546875,-86.94064331054688,-148.7004852294922,-269.72296142578125,224.56764221191406,36
-147.90834045410156,-179.0352325439453,-219.43556213378906,-269.72296142578125,224.56764221191406,36
-22.682897567749023,23.546539306640625,-193.24960327148438,-269.72296142578125,224.56764221191406,36
-100.26806640625,-185.884521484375,-228.99024963378906,-269.72296142578125,224.56764221191406,36
-152.76016235351562,-192.70166015625,-226.30224609375,-269.72296142578125,224.56764221191406,36
-175.0634765625,-207.19866943359375,-229.51373291015625,-269.72296142578125,224.56764221191406,36
-90.52137756347656,-105.14274597167969,-191.93382263183594,-269.72296142578125,224.56764221191406,36
-204.0247039794922,-215.8413848876953,-244.33538818359375,-269.72296142578125,224.56764221191406,36
-166.8528289794922,-213.31634521484375,-258.807861328125,-269.72296142578125,224.56764221191406,36
-173.59632873535156,-227.99513244628906,-255.0857696533203,-269.72296142578125,224.56764221191406,36
-137.6993408203125,-170.91476440429688,-211.67381286621094,-269.72296142578125,224.56764221191406,36
-79.40261840820312,-144.3829345703125,-201.3764190673828,-269.72296142578125,224.56764221191406,36
-47.74540328979492,-62.48556137084961,-135.595458984375,-269.72296142578125,224.56764221191406,36
-177.61781311035156,-197.50819396972656,-235.50001525878906,-269.72296142578125,224.56764221191406,36
-78.97118377685547,-109.41410064697266,-186.94467163085938,-269.72296142578125,224.56764221191406,36
-200.65679931640625,-210.59864807128906,-243.2158203125,-269.72296142578125,224.56764221191406,36
-148.78982543945312,-208.6219940185547,-241.21316528320312,-269.72296142578125,224.56764221191406,36
-179.82540893554688,-228.00344848632812,-249.18087768554688,-269.72296142578125,224.56764221191406,36
-96.42171478271484,-131.62901306152344,-208.05694580078125,-269.72296142578125,224.56764221191406,36
-134.91575622558594,-138.06532287597656,-186.9992218017578,-269.72296142578125,224.56764221191406,36
-121.67662048339844,-170.59669494628906,-200.248779296875,-269.72296142578125,224.56764221191406,36
-138.1343231201172,-182.22735595703125,-224.5032501220703,-269.72296142578125,224.56764221191406,36
-106.13658905029297,-192.54554748535156,-258.0704040527344,-269.72296142578125,224.56764221191406,36
-131.16920471191406,-204.324462890625,-230.90081787109375,-269.72296142578125,224.56764221191406,36
-133.01426696777344,-187.05845642089844,-234.6628875732422,-269.72296142578125,224.56764221191406,36
14.44417667388916,15.72317123413086,-88.7502670288086,-269.72296142578125,224.56764221191406,36
-198.2374725341797,-223.824462890625,-260.36822509765625,-269.72296142578125,224.56764221191406,36
-35.179054260253906,-47.51795959472656,-153.4060821533203,-269.72296142578125,224.56764221191406,36
-118.97908782958984,-138.13929748535156,-179.03025817871094,-269.72296142578125,224.56764221191406,36
-123.72862243652344,-169.88003540039062,-226.2829132080078,-269.72296142578125,224.56764221191406,36
-60.1555290222168,-79.32837677001953,-140.3977813720703,-269.72296142578125,224.56764221191406,36
-171.1288604736328,-185.97279357910156,-223.989990234375,-269.72296142578125,224.56764221191406,36
-68.3464126586914,-16.94934844970703,-247.01107788085938,-269.72296142578125,224.56764221191406,36
-204.27305603027344,-236.52178955078125,-261.0149841308594,-269.72296142578125,224.56764221191406,36
-104.92949676513672,-180.16358947753906,-223.41261291503906,-269.72296142578125,224.56764221191406,36
-113.81466674804688,-175.3080596923828,-231.0930633544922,-269.72296142578125,224.56764221191406,36
-154.4927978515625,-207.04794311523438,-234.4014434814453,-269.72296142578125,224.56764221191406,36
-150.7732696533203,-206.28311157226562,-238.2108612060547,-269.72296142578125,224.56764221191406,36
-153.44151306152344,-213.74081420898438,-230.16293334960938,-269.72296142578125,224.56764221191406,36
-38.7968864440918,7.2910895347595215,-216.35113525390625,-269.72296142578125,224.56764221191406,36
-39.56355667114258,-57.854888916015625,-111.82601928710938,-269.72296142578125,224.56764221191406,36
-135.44223022460938,-205.76736450195312,-237.73960876464844,-269.72296142578125,224.56764221191406,36
-126.89683532714844,-217.8719024658203,-243.71131896972656,-269.72296142578125,224.56764221191406,36
-154.54391479492188,-181.85719299316406,-227.79214477539062,-269.72296142578125,224.56764221191406,36
-10.345528602600098,-11.259818077087402,-90.14464569091797,-269.72296142578125,224.56764221191406,36
-135.2331085205078,-189.05279541015625,-231.79910278320312,-269.72296142578125,224.56764221191406,36
-192.5685272216797,-222.65284729003906,-259.0279235839844,-269.72296142578125,224.56764221191406,36
-148.2578887939453,-192.3148651123047,-239.81768798828125,-269.72296142578125,224.56764221191406,36
-95.78778076171875,-134.45596313476562,-225.0218048095703,-269.72296142578125,224.56764221191406,36
-151.99844360351562,-167.71141052246094,-213.67539978027344,-269.72296142578125,224.56764221191406,36
-209.84140014648438,-215.1651153564453,-253.3159637451172,-269.72296142578125,224.56764221191406,36
-124.97843933105469,-187.8099365234375,-226.1428985595703,-269.72296142578125,224.56764221191406,36
-172.28939819335938,-181.38319396972656,-235.0087890625,-269.72296142578125,224.56764221191406,36
-139.29165649414062,-169.66305541992188,-205.89517211914062,-269.72296142578125,224.56764221191406,36
-193.1687469482422,-205.7355194091797,-237.25808715820312,-269.72296142578125,224.56764221191406,36
-143.27276611328125,-157.73715209960938,-213.52597045898438,-269.72296142578125,224.56764221191406,36
-174.6395721435547,-229.048828125,-260.5023498535156,-269.72296142578125,224.56764221191406,36
-119.93277740478516,-155.81390380859375,-175.9044952392578,-269.72296142578125,224.56764221191406,36
-138.40701293945312,-189.46218872070312,-243.28903198242188,-269.72296142578125,224.56764221191406,36
-131.30348205566406,-167.15005493164062,-201.39883422851562,-269.72296142578125,224.56764221191406,36
-89.67599487304688,-167.97280883789062,-225.43002319335938,-269.72296142578125,224.56764221191406,36
-97.49493408203125,-168.12684631347656,-207.5341033935547,-269.72296142578125,224.56764221191406,36
-189.11219787597656,-218.4686279296875,-246.8678741455078,-269.72296142578125,224.56764221191406,36
-101.88031005859375,-97.82327270507812,-140.0574188232422,-269.72296142578125,224.56764221191406,36
-155.0915069580078,-165.63748168945312,-204.70745849609375,-269.72296142578125,224.56764221191406,36
-149.81387329101562,-178.70352172851562,-201.9237060546875,-269.72296142578125,224.56764221191406,36
-150.8118133544922,-203.11212158203125,-225.83360290527344,-269.72296142578125,224.56764221191406,36
-211.6022491455078,-235.97645568847656,-262.808349609375,-269.72296142578125,224.56764221191406,36
-127.96697998046875,-182.66671752929688,-212.89767456054688,-269.72296142578125,224.56764221191406,36
-148.69789123535156,-163.25364685058594,-207.06280517578125,-269.72296142578125,224.56764221191406,36
-152.1613006591797,-161.71426391601562,-188.83653259277344,-269.72296142578125,224.56764221191406,36
-165.2708740234375,-200.1551513671875,-226.6746826171875,-269.72296142578125,224.56764221191406,36
-172.4078826904297,-208.02378845214844,-231.3381805419922,-269.72296142578125,224.56764221191406,36
-96.92404174804688,-187.50146484375,-233.93850708007812,-269.72296142578125,224.56764221191406,36
-196.56309509277344,-223.6175079345703,-250.7129669189453,-269.72296142578125,224.56764221191406,36
-147.11203002929688,-158.325927734375,-197.80616760253906,-269.72296142578125,224.56764221191406,36
-196.9781494140625,-227.91571044921875,-249.9456024169922,-269.72296142578125,224.56764221191406,36
-32.938961029052734,-61.669715881347656,-111.88157653808594,-269.72296142578125,224.56764221191406,36
-126.85362243652344,-165.64183044433594,-208.61407470703125,-269.72296142578125,224.56764221191406,36
-75.67308807373047,-48.16536331176758,-253.32679748535156,-269.72296142578125,224.56764221191406,36
-90.39366912841797,-102.18938446044922,-141.65887451171875,-269.72296142578125,224.56764221191406,36
2.919522523880005,53.9205322265625,-177.2720947265625,-269.72296142578125,224.56764221191406,36
-215.63514709472656,-228.2332000732422,-253.0661163330078,-269.72296142578125,224.56764221191406,36
-196.22828674316406,-216.48460388183594,-242.5195770263672,-269.72296142578125,224.56764221191406,36
-122.12543487548828,-124.14787292480469,-207.3177032470703,-269.72296142578125,224.56764221191406,36
-94.74767303466797,-181.27345275878906,-214.88287353515625,-269.72296142578125,224.56764221191406,36
-216.5271453857422,-222.84457397460938,-260.00006103515625,-269.72296142578125,224.56764221191406,36
-203.3400421142578,-223.75167846679688,-250.1117401123047,-269.72296142578125,224.56764221191406,36
-215.64404296875,-219.6957244873047,-240.7650146484375,-269.72296142578125,224.56764221191406,36
